,,Overall,Overall,Overall,Overall,Overall,Overall,,Conf.,Conf.,,Home,Home,,Away,Away,,Points,Points,,School Advanced,School Advanced,School Advanced,School Advanced,School Advanced,School Advanced,School Advanced,School Advanced,School Advanced,School Advanced,School Advanced,School Advanced,School Advanced
Rk,School,G,W,L,W-L%,SRS,SOS,,W,L,,W,L,,W,L,,Tm.,Opp.,,Pace,ORtg,FTr,3PAr,TS%,TRB%,AST%,STL%,BLK%,eFG%,TOV%,ORB%,FT/FGA
1,Abilene Christian NCAA,27,23,4,.852,6.10,-8.46,,13,2,,13,0,,5,4,,2096,1634,,72.5,107.0,.351,.372,.552,51.8,65.6,13.7,9.2,.526,16.5,31.7,.236
2,Air Force,25,5,20,.200,-13.04,0.17,,3,17,,3,8,,1,10,,1468,1798,,63.9,91.9,.309,.450,.547,40.1,59.0,11.1,8.0,.521,21.2,15.3,.214
3,Akron,23,15,8,.652,2.79,-1.02,,12,6,,9,1,,5,5,,1798,1660,,70.1,110.2,.303,.461,.555,51.7,48.6,6.9,8.9,.520,14.3,31.0,.230
4,Alabama A&M,15,6,9,.400,-19.25,-15.39,,4,9,,5,2,,1,7,,950,1008,,70.1,88.9,.318,.329,.475,49.8,47.6,7.7,9.1,.448,18.6,28.1,.199
5,Alabama-Birmingham,29,22,7,.759,5.84,-3.79,,13,5,,15,2,,6,4,,2105,1748,,68.9,105.3,.314,.272,.524,51.7,39.1,11.6,12.1,.493,13.2,29.5,.219
6,Alabama State,18,4,14,.222,-24.74,-17.41,,4,14,,3,6,,1,8,,1156,1288,,72.4,88.8,.427,.347,.476,49.1,45.7,8.4,6.1,.435,19.3,29.5,.277
7,Alabama NCAA,30,24,6,.800,20.16,10.36,,16,2,,12,1,,7,3,,2387,2093,,75.1,105.9,.286,.471,.542,51.0,51.1,11.5,10.6,.513,16.0,31.5,.206
8,Albany (NY),16,7,9,.438,-3.72,-4.41,,6,6,,4,5,,2,4,,1110,1099,,69.7,99.6,.341,.343,.541,47.9,47.3,8.8,5.1,.505,16.4,22.3,.247
9,Alcorn State,19,6,13,.316,-19.97,-10.45,,6,7,,4,3,,2,9,,1256,1437,,71.3,92.8,.340,.340,.488,47.8,40.7,10.6,5.0,.444,17.7,29.7,.247
10,American,10,4,6,.400,-2.46,2.04,,4,5,,2,2,,2,4,,691,736,,67.5,97.5,.268,.427,.550,48.2,51.6,10.3,11.4,.526,20.1,24.1,.189
11,Appalachian State NCAA,28,17,11,.607,-5.33,-5.24,,7,8,,9,4,,4,7,,1986,1806,,66.7,104.1,.343,.431,.525,50.6,49.4,11.8,9.8,.484,14.8,29.9,.253
12,Arizona State,25,11,14,.440,5.37,8.13,,7,10,,7,6,,2,6,,1858,1927,,72.6,101.4,.333,.354,.530,44.6,49.8,9.9,8.8,.492,13.5,21.1,.242
13,Arizona,26,17,9,.654,12.69,5.85,,11,9,,12,4,,5,5,,1961,1783,,68.4,109.2,.418,.314,.548,55.1,60.4,8.5,11.2,.505,14.7,34.0,.304
14,Little Rock,26,11,15,.423,-6.31,-5.35,,7,11,,7,4,,2,8,,1786,1782,,67.9,100.2,.369,.337,.542,52.3,55.5,9.3,9.6,.508,19.2,31.1,.259
15,Arkansas-Pine Bluff,25,4,21,.160,-22.90,-8.02,,3,12,,2,3,,2,17,,1549,1921,,69.5,88.2,.386,.295,.483,46.7,45.8,9.1,9.9,.432,19.7,26.7,.279
16,Arkansas State,24,11,13,.458,-7.96,-5.86,,7,8,,9,3,,1,9,,1741,1667,,69.3,104.1,.344,.289,.538,52.5,55.9,9.4,7.1,.502,16.2,31.9,.248
17,Arkansas NCAA,28,22,6,.786,18.06,6.34,,13,4,,16,1,,5,4,,2307,1979,,75.3,108.9,.327,.358,.550,52.8,50.8,10.7,13.5,.515,14.9,31.7,.241
18,Army,21,12,9,.571,4.67,4.77,,7,7,,5,5,,5,3,,1511,1452,,69.9,102.3,.282,.410,.544,49.6,54.0,9.0,4.2,.527,15.9,23.0,.179
19,Auburn,27,13,14,.481,10.27,9.53,,7,11,,8,5,,3,8,,2084,2064,,73.4,104.1,.362,.461,.546,52.0,56.3,8.4,14.8,.512,18.7,34.8,.256
20,Austin Peay,27,14,13,.519,-6.29,-7.85,,10,10,,8,5,,4,6,,2007,1890,,69.0,106.6,.286,.354,.546,52.1,48.7,9.7,5.9,.513,17.8,36.0,.215
21,Ball State,23,10,13,.435,-1.11,-0.37,,8,9,,7,4,,3,8,,1719,1736,,72.0,102.7,.287,.412,.547,49.4,51.9,7.5,6.1,.513,17.3,27.8,.215
22,Baylor NCAA,24,22,2,.917,23.32,5.36,,13,1,,11,0,,7,1,,2025,1594,,70.2,119.5,.270,.392,.593,53.2,54.8,12.7,10.3,.575,14.9,37.5,.188
23,Bellarmine,20,13,7,.650,-1.96,-6.24,,10,3,,6,4,,7,2,,1486,1307,,65.1,114.1,.288,.313,.599,51.4,56.2,11.0,8.1,.574,15.2,27.9,.214
24,Belmont,30,26,4,.867,3.88,-8.29,,18,2,,11,1,,10,2,,2439,2074,,71.9,112.7,.282,.430,.588,50.4,61.2,10.7,7.5,.563,14.8,26.1,.208
25,Binghamton,18,4,14,.222,-11.45,-4.56,,4,10,,1,9,,3,5,,1178,1302,,66.2,96.9,.232,.454,.511,50.2,46.3,7.4,8.3,.489,17.8,29.1,.156
26,Boise State,26,18,8,.692,9.61,0.85,,14,6,,11,1,,6,6,,1981,1725,,70.2,108.0,.350,.382,.558,52.3,50.2,9.4,7.9,.521,14.4,27.3,.260
27,Boston College,20,4,16,.200,1.69,9.84,,2,11,,3,5,,0,7,,1427,1590,,71.9,98.7,.297,.460,.527,47.3,46.0,9.9,10.0,.497,16.8,25.0,.208
28,Boston University,18,7,11,.389,1.11,5.67,,6,10,,2,6,,5,5,,1249,1331,,67.8,102.4,.286,.380,.532,51.2,41.9,8.0,7.8,.497,16.1,28.9,.215
29,Bowling Green State,25,14,11,.560,1.03,-1.31,,10,8,,4,7,,10,3,,1963,1886,,72.2,107.7,.287,.387,.520,49.6,45.0,9.9,5.5,.485,11.7,30.7,.212
30,Bradley,28,12,16,.429,0.50,1.34,,6,12,,8,6,,2,9,,1948,1864,,66.4,103.9,.240,.369,.534,52.3,51.9,7.7,11.0,.509,16.0,29.3,.174
31,Brigham Young NCAA,26,20,6,.769,14.58,5.86,,10,3,,11,2,,7,2,,2047,1780,,70.5,110.1,.274,.396,.582,54.8,57.4,6.6,7.2,.557,16.4,28.7,.200
32,Brown,0,0,0,,,,,0,0,,0,0,,0,0,,,,,,,,,,,,,,,,,
33,Bryant,21,15,6,.714,0.99,-5.76,,10,4,,10,1,,5,5,,1761,1571,,76.7,109.4,.351,.396,.581,51.5,53.7,8.9,8.7,.545,17.4,29.3,.265
34,Bucknell,12,5,7,.417,-3.71,-1.29,,4,6,,2,3,,3,4,,899,928,,73.1,102.5,.363,.391,.561,47.6,46.3,8.0,8.1,.520,16.0,19.8,.277
35,Buffalo,24,16,8,.667,7.50,-1.02,,12,5,,8,3,,5,3,,1961,1748,,74.4,108.7,.298,.311,.537,55.3,52.3,10.6,9.6,.513,15.4,37.3,.201
36,Butler,25,10,15,.400,5.74,10.90,,8,12,,8,4,,1,9,,1588,1717,,65.1,96.1,.294,.398,.500,48.8,53.8,8.4,6.0,.475,15.3,26.0,.190
37,Cal Poly,24,4,20,.167,-14.98,-2.94,,1,15,,3,8,,0,11,,1477,1700,,68.5,89.4,.295,.373,.492,46.4,57.5,9.0,9.3,.455,18.1,22.1,.213
38,Cal State Bakersfield,26,15,11,.577,-1.70,-3.95,,11,7,,9,2,,6,8,,1811,1665,,65.7,105.6,.272,.270,.524,56.2,53.4,9.7,10.1,.494,16.4,39.3,.194
39,Cal State Fullerton,16,6,10,.375,-7.84,-4.57,,5,9,,5,4,,1,5,,1232,1257,,72.7,105.1,.343,.359,.557,47.6,50.7,9.1,5.0,.521,15.6,25.0,.253
40,Cal State Northridge,22,9,13,.409,-10.20,-3.48,,5,9,,4,7,,4,4,,1586,1709,,70.9,101.1,.308,.380,.523,47.0,52.3,8.9,6.1,.488,14.7,25.3,.224
41,California Baptist,23,13,10,.565,-6.42,-6.21,,6,6,,11,4,,2,5,,1820,1674,,71.1,110.6,.343,.410,.587,53.1,63.6,7.1,6.3,.556,16.7,29.0,.253
42,UC-Davis,18,10,8,.556,-7.27,-5.68,,7,5,,4,3,,4,3,,1295,1289,,70.7,99.8,.369,.309,.540,48.9,43.4,10.4,8.0,.490,17.9,26.6,.289
43,UC-Irvine,27,18,9,.667,1.96,-2.36,,13,4,,10,1,,6,6,,1950,1712,,69.2,103.4,.293,.241,.530,55.4,43.8,10.8,11.6,.492,16.0,32.6,.223
44,UC-Riverside,22,14,8,.636,2.55,-4.00,,10,5,,5,4,,7,3,,1544,1400,,66.8,103.9,.220,.423,.546,52.5,53.8,7.8,6.2,.525,15.7,26.2,.155
45,UC-San Diego,17,7,10,.412,-8.51,-0.58,,4,10,,7,3,,0,7,,1214,1226,,70.2,101.0,.213,.514,.567,43.8,65.8,9.7,5.4,.556,17.4,17.3,.136
46,UC-Santa Barbara NCAA,26,22,4,.846,6.02,-4.31,,15,3,,11,0,,8,4,,1989,1633,,67.4,112.5,.342,.339,.579,54.2,59.0,11.1,7.4,.545,14.2,29.4,.257
47,University of California,29,9,20,.310,2.48,7.34,,3,17,,6,8,,1,11,,1897,2008,,66.3,98.7,.346,.405,.530,49.4,52.3,6.6,6.2,.497,17.1,24.6,.242
48,Campbell,27,17,10,.630,-6.29,-6.81,,11,6,,9,3,,6,7,,1917,1840,,65.8,106.4,.339,.369,.586,46.2,55.4,9.2,6.7,.565,16.7,20.7,.230
49,Canisius,13,7,6,.538,-7.87,-7.10,,7,5,,3,1,,4,4,,915,925,,71.5,98.4,.316,.416,.506,48.6,51.4,7.8,8.9,.470,14.7,26.6,.224
50,Central Arkansas,24,5,19,.208,-15.04,-2.17,,4,12,,4,5,,1,14,,1701,1933,,74.0,95.8,.321,.337,.532,51.1,53.1,6.8,6.8,.498,20.8,28.9,.230
51,Central Connecticut State,21,5,16,.238,-13.08,-4.22,,5,13,,3,6,,2,9,,1439,1625,,72.0,95.2,.284,.376,.515,44.7,51.7,9.6,7.1,.485,17.6,23.4,.199
52,Central Florida,23,11,12,.478,6.02,8.24,,8,10,,6,3,,4,8,,1546,1597,,68.0,98.3,.307,.402,.535,48.9,52.6,10.0,9.8,.501,19.0,28.2,.223
53,Central Michigan,23,7,16,.304,-11.56,-3.41,,3,13,,5,7,,2,9,,1766,1835,,74.9,102.5,.369,.326,.530,48.3,39.0,10.9,7.6,.499,15.6,27.7,.248
54,Charleston Southern,21,3,18,.143,-16.18,-5.68,,2,15,,1,9,,2,8,,1375,1550,,70.2,92.8,.302,.428,.509,49.5,45.2,8.7,10.2,.474,20.4,28.2,.216
55,Charlotte,25,9,16,.360,-5.38,-2.13,,5,11,,6,7,,3,8,,1587,1668,,64.6,95.9,.384,.350,.532,49.4,51.7,8.2,8.6,.489,18.3,22.2,.281
56,Chattanooga,26,18,8,.692,-1.13,-2.50,,9,7,,9,3,,9,4,,1888,1801,,68.6,104.8,.282,.399,.547,49.3,47.8,9.9,4.9,.510,14.3,23.9,.221
57,Chicago State,9,0,9,.000,-31.29,1.94,,0,0,,0,0,,0,7,,499,798,,71.2,77.8,.254,.408,.448,38.0,49.4,7.6,3.7,.413,20.1,16.6,.177
58,Cincinnati,23,12,11,.522,4.21,7.42,,8,6,,5,5,,5,5,,1585,1659,,71.3,96.6,.330,.391,.512,51.1,60.8,9.5,10.3,.484,17.8,29.1,.217
59,Citadel,25,13,12,.520,-5.61,-0.99,,5,11,,11,3,,1,8,,2019,1959,,74.9,107.9,.316,.460,.560,50.3,54.9,7.3,10.2,.534,14.4,25.4,.222
60,Clemson NCAA,23,16,7,.696,13.50,10.19,,10,6,,11,1,,2,5,,1502,1426,,64.9,100.1,.236,.439,.534,50.1,56.4,9.3,9.2,.504,17.2,26.6,.180
61,Cleveland State NCAA,26,19,7,.731,-4.09,-4.97,,16,4,,9,2,,8,5,,1858,1835,,67.6,103.2,.320,.343,.533,49.8,53.1,10.1,7.7,.507,16.1,30.9,.214
62,Coastal Carolina,23,16,7,.696,-2.17,-8.17,,9,5,,12,1,,3,5,,1836,1535,,71.8,110.5,.319,.394,.562,56.7,54.6,11.7,12.7,.531,17.4,37.8,.233
63,Colgate NCAA,15,14,1,.933,19.16,1.43,,11,1,,8,1,,6,0,,1295,1029,,72.2,118.6,.311,.357,.596,53.3,55.5,9.9,8.7,.571,12.2,28.1,.227
64,College of Charleston,19,9,10,.474,-4.12,-2.30,,6,4,,8,6,,1,3,,1341,1329,,64.7,106.3,.292,.396,.552,49.4,41.8,7.9,8.4,.525,14.0,24.7,.207
65,Colorado State,24,18,6,.750,8.59,-0.45,,14,4,,10,1,,6,4,,1791,1571,,69.4,107.5,.346,.436,.590,51.6,56.6,7.9,7.9,.550,17.7,24.6,.273
66,Colorado NCAA,30,22,8,.733,16.76,6.99,,14,6,,11,1,,6,6,,2191,1898,,66.3,110.2,.299,.359,.563,53.2,51.3,8.0,7.8,.520,14.6,30.8,.246
67,Columbia,0,0,0,,,,,0,0,,0,0,,0,0,,,,,,,,,,,,,,,,,
68,Connecticut NCAA,22,15,7,.682,17.13,9.22,,11,6,,7,3,,6,3,,1596,1422,,66.6,108.4,.296,.333,.529,53.4,49.4,9.2,14.4,.495,14.6,36.6,.216
69,Coppin State,22,9,13,.409,-11.30,-4.99,,8,4,,5,3,,4,9,,1602,1741,,79.3,91.8,.438,.494,.515,43.7,54.1,10.8,8.0,.486,18.3,18.5,.273
70,Cornell,0,0,0,,,,,0,0,,0,0,,0,0,,,,,,,,,,,,,,,,,
71,Creighton NCAA,28,20,8,.714,17.59,8.91,,14,6,,11,3,,7,4,,2155,1912,,69.5,109.8,.269,.443,.570,49.7,55.8,10.1,9.5,.557,14.1,24.8,.173
72,Dartmouth,0,0,0,,,,,0,0,,0,0,,0,0,,,,,,,,,,,,,,,,,
73,Davidson,21,13,8,.619,10.59,3.99,,7,4,,7,4,,4,2,,1518,1336,,63.7,112.8,.262,.491,.581,53.8,57.8,8.0,8.2,.563,14.7,28.4,.180
74,Dayton,23,14,9,.609,7.40,4.88,,9,7,,8,3,,4,6,,1614,1556,,66.4,102.9,.345,.416,.583,50.5,55.7,6.6,5.3,.555,19.5,23.7,.248
75,Delaware State,19,3,16,.158,-23.02,-5.25,,1,11,,3,6,,0,10,,1345,1629,,77.1,91.2,.302,.416,.497,46.5,46.2,8.3,9.4,.460,19.2,26.9,.217
76,Delaware,15,7,8,.467,-4.27,-4.12,,5,4,,6,3,,1,4,,1013,1012,,67.8,99.6,.375,.405,.542,51.6,54.2,6.8,9.6,.505,18.7,26.9,.267
77,Denver,21,2,19,.095,-17.21,-6.61,,1,13,,2,10,,0,9,,1466,1662,,71.4,96.7,.340,.344,.539,46.8,48.4,7.9,7.5,.503,18.6,22.1,.245
78,DePaul,19,5,14,.263,3.63,9.79,,2,13,,2,8,,2,5,,1250,1367,,70.6,91.9,.237,.283,.487,50.1,45.1,9.6,11.0,.461,18.9,31.8,.160
79,Detroit Mercy,22,12,10,.545,-2.77,-5.31,,10,6,,7,5,,5,5,,1683,1627,,68.2,111.5,.253,.446,.582,49.1,52.7,9.9,7.2,.551,14.9,27.0,.203
80,Dixie State,21,8,13,.381,-14.97,-4.40,,4,10,,5,7,,3,6,,1461,1603,,74.0,94.0,.348,.341,.511,47.0,62.5,9.2,5.3,.471,18.3,25.3,.249
81,Drake NCAA,29,25,4,.862,9.55,-1.63,,15,3,,14,1,,9,2,,2245,1875,,66.8,114.9,.244,.314,.573,53.8,46.0,10.6,8.4,.552,13.2,31.6,.174
82,Drexel NCAA,19,12,7,.632,0.23,-4.41,,4,5,,3,2,,4,5,,1358,1270,,65.9,108.4,.285,.357,.576,53.7,58.2,7.1,6.5,.543,17.2,29.4,.222
83,Duke,24,13,11,.542,14.04,9.33,,9,9,,8,5,,3,6,,1824,1711,,69.1,108.8,.234,.386,.555,51.3,55.9,11.8,11.8,.536,15.7,31.9,.162
84,Duquesne,18,9,9,.500,3.36,3.53,,7,7,,5,2,,2,5,,1205,1208,,68.4,98.0,.316,.370,.504,50.2,55.0,9.8,13.0,.476,16.7,31.0,.206
85,East Carolina,19,8,11,.421,1.12,3.95,,2,10,,7,6,,1,4,,1269,1291,,68.9,96.3,.331,.328,.501,49.0,67.5,8.9,9.9,.460,15.9,27.2,.239
86,East Tennessee State,25,13,12,.520,2.05,0.70,,8,7,,8,4,,3,5,,1736,1654,,67.6,102.2,.299,.406,.537,52.2,47.6,10.8,8.5,.509,17.3,29.7,.208
87,Eastern Illinois,27,9,18,.333,-12.27,-6.75,,6,14,,5,7,,4,11,,1874,2023,,70.2,97.6,.257,.354,.515,48.9,50.9,10.0,8.8,.493,17.4,28.7,.169
88,Eastern Kentucky,29,22,7,.759,-2.23,-7.79,,15,5,,10,2,,9,4,,2372,2137,,76.1,105.6,.255,.400,.544,47.5,52.9,13.3,9.2,.519,14.6,26.7,.180
89,Eastern Michigan,18,6,12,.333,-13.33,-0.33,,3,11,,5,4,,1,8,,1267,1362,,71.4,98.6,.303,.382,.514,46.7,44.2,12.5,7.0,.475,15.2,25.1,.226
90,Eastern Washington NCAA,23,16,7,.696,2.46,-5.45,,12,3,,7,2,,6,5,,1795,1597,,71.7,108.9,.302,.401,.574,50.7,54.4,6.9,7.3,.538,14.4,23.4,.238
91,Elon,19,10,9,.526,-4.50,-3.61,,4,7,,4,2,,3,6,,1249,1235,,66.8,98.4,.245,.436,.516,50.7,45.9,8.5,6.7,.485,15.3,25.0,.182
92,Evansville,25,9,16,.360,-4.70,0.14,,7,11,,8,4,,1,10,,1619,1740,,62.4,102.3,.254,.490,.556,45.6,51.0,7.7,6.3,.532,15.8,19.0,.182
93,Fairfield,27,10,17,.370,-10.73,-5.84,,7,11,,4,8,,3,8,,1668,1800,,65.2,93.8,.341,.355,.493,50.6,46.7,7.0,6.1,.454,17.1,28.1,.237
94,Fairleigh Dickinson,24,9,15,.375,-8.40,-4.69,,8,10,,4,6,,5,9,,1801,1890,,71.9,103.2,.311,.361,.548,47.8,44.5,10.4,10.4,.518,17.1,28.7,.221
95,Florida A&M,20,8,12,.400,-11.96,-9.16,,7,5,,4,1,,4,10,,1314,1370,,70.9,92.7,.298,.269,.511,49.9,53.0,9.2,6.8,.486,20.8,30.2,.194
96,Florida Atlantic,23,13,10,.565,-1.88,-4.77,,7,5,,7,1,,4,7,,1796,1537,,70.7,109.9,.289,.417,.560,55.4,51.4,10.7,7.7,.542,16.6,34.0,.191
97,Florida Gulf Coast,18,10,8,.556,-9.47,-6.97,,4,4,,7,4,,2,2,,1292,1242,,72.5,99.0,.241,.443,.515,50.9,50.9,10.3,11.2,.494,17.4,29.9,.160
98,Florida International,26,9,17,.346,-10.99,-3.04,,2,15,,7,8,,2,9,,1914,1985,,72.8,99.7,.244,.509,.535,46.0,56.2,11.4,10.0,.515,17.5,26.2,.163
99,Florida State NCAA,22,16,6,.727,17.98,9.39,,11,4,,12,1,,3,4,,1736,1547,,70.3,110.9,.327,.355,.575,53.2,51.9,10.4,14.6,.544,17.3,35.5,.241
100,Florida NCAA,23,14,9,.609,14.89,10.76,,9,7,,6,3,,5,5,,1701,1606,,70.8,104.5,.338,.338,.562,50.8,45.0,10.3,14.4,.525,18.2,30.7,.256
101,Fordham,14,2,12,.143,-10.52,4.26,,2,11,,2,5,,0,6,,725,932,,64.2,80.6,.275,.411,.448,43.5,59.5,9.7,7.0,.414,18.8,19.2,.184
102,Fresno State,24,12,12,.500,-3.50,0.14,,9,11,,7,5,,4,6,,1591,1618,,66.9,98.6,.376,.387,.524,52.4,45.1,9.8,8.7,.492,18.5,31.0,.251
103,Furman,25,16,9,.640,6.46,-1.22,,10,5,,11,1,,5,7,,1990,1723,,70.9,111.8,.266,.472,.589,51.6,57.0,11.5,9.5,.568,15.6,27.2,.192
104,Gardner-Webb,26,11,15,.423,-3.31,-5.58,,10,10,,7,4,,4,11,,1837,1778,,67.0,105.5,.300,.439,.549,49.5,52.1,8.8,14.7,.524,15.4,26.7,.207
105,George Mason,22,13,9,.591,2.93,1.50,,8,6,,7,3,,3,4,,1569,1538,,69.2,100.2,.293,.362,.511,51.9,49.7,10.2,11.5,.488,15.5,30.2,.188
106,George Washington,17,5,12,.294,-4.62,-0.44,,3,5,,3,6,,1,5,,1158,1229,,68.9,98.1,.361,.339,.533,49.3,47.2,9.1,7.0,.498,17.6,24.5,.252
107,Georgetown NCAA,25,13,12,.520,11.73,11.05,,7,9,,7,6,,2,6,,1784,1767,,70.2,101.2,.303,.388,.533,53.4,51.7,8.4,10.4,.496,18.6,32.4,.228
108,Georgia Southern,26,13,13,.500,-9.75,-5.79,,7,9,,9,4,,4,8,,1860,1762,,68.4,101.7,.301,.396,.530,51.9,46.9,11.5,11.3,.510,17.6,32.5,.191
109,Georgia State,22,16,6,.727,-1.23,-4.13,,8,4,,9,1,,5,4,,1767,1599,,71.2,110.4,.307,.359,.556,50.4,56.9,9.8,12.2,.532,13.8,31.3,.210
110,Georgia Tech NCAA,25,17,8,.680,14.06,8.54,,11,6,,11,3,,4,5,,1888,1750,,68.2,108.0,.290,.369,.566,47.2,57.7,13.2,9.3,.538,14.3,24.7,.211
111,Georgia,26,14,12,.538,7.02,8.42,,7,11,,12,5,,2,6,,2014,2027,,75.8,101.8,.345,.318,.540,50.8,53.0,11.1,6.3,.509,18.9,33.1,.238
112,Gonzaga NCAA,26,26,0,1.000,26.43,3.43,,15,0,,12,0,,7,0,,2395,1797,,75.3,122.4,.366,.323,.633,55.3,53.6,11.0,7.1,.610,14.3,30.4,.266
113,Grambling,24,12,12,.500,-14.78,-13.00,,9,6,,6,4,,5,7,,1617,1649,,72.1,93.0,.421,.287,.513,48.5,60.0,11.2,8.4,.476,19.1,25.4,.280
114,Grand Canyon NCAA,23,17,6,.739,3.83,-5.78,,9,3,,10,3,,5,1,,1738,1405,,68.3,110.6,.322,.358,.574,57.0,57.4,7.1,9.0,.551,16.6,32.2,.221
115,Green Bay,25,8,17,.320,-9.32,-4.40,,8,12,,6,6,,2,11,,1790,1913,,67.7,102.7,.273,.339,.526,47.6,53.7,7.9,9.3,.492,13.6,25.7,.204
116,Hampton,25,11,14,.440,-13.05,-8.65,,9,9,,5,7,,6,7,,1721,1831,,70.1,98.2,.286,.388,.527,46.0,47.2,8.7,16.1,.495,16.3,22.1,.207
117,Hartford NCAA,23,15,8,.652,-2.76,-5.37,,8,6,,10,1,,5,6,,1515,1455,,66.5,99.0,.286,.425,.533,48.9,46.6,10.5,6.1,.504,17.0,24.8,.204
118,Harvard,0,0,0,,,,,0,0,,0,0,,0,0,,,,,,,,,,,,,,,,,
119,Hawaii,21,11,10,.524,-4.48,-4.22,,9,9,,7,5,,4,4,,1503,1452,,68.4,102.8,.311,.377,.542,52.7,46.1,8.1,3.8,.510,17.3,30.3,.224
120,High Point,24,9,15,.375,-10.19,-6.98,,6,11,,5,5,,4,10,,1600,1677,,67.4,98.3,.383,.292,.499,51.0,51.8,9.7,12.5,.458,15.9,32.0,.263
121,Hofstra,23,13,10,.565,-1.85,-2.02,,8,6,,7,3,,5,6,,1683,1679,,68.9,105.6,.332,.393,.542,50.0,49.2,9.5,7.9,.508,15.2,29.3,.238
122,Holy Cross,16,5,11,.313,-0.17,5.27,,5,11,,2,7,,3,4,,1130,1217,,69.9,100.3,.261,.330,.529,47.1,45.6,9.8,10.1,.503,16.2,26.5,.182
123,Houston Baptist,25,6,19,.240,-16.94,-5.94,,4,11,,4,6,,1,12,,1776,2007,,74.2,95.2,.279,.396,.528,47.1,55.7,9.4,9.5,.496,19.9,25.4,.205
124,Houston NCAA,27,24,3,.889,22.14,4.14,,14,3,,15,0,,5,3,,2096,1562,,66.6,116.5,.297,.420,.552,56.2,51.6,12.3,14.6,.520,13.4,39.6,.220
125,Howard,5,1,4,.200,-13.80,-2.05,,0,0,,1,1,,0,0,,363,424,,73.1,99.2,.389,.435,.541,47.2,60.2,7.1,12.8,.502,17.7,22.9,.279
126,Idaho State,24,13,11,.542,-9.80,-7.11,,8,6,,8,3,,5,5,,1637,1481,,66.4,101.7,.393,.396,.547,54.7,48.8,6.7,9.3,.509,19.3,32.3,.280
127,Idaho,22,1,21,.045,-19.79,-4.38,,1,17,,1,9,,0,11,,1343,1682,,67.4,89.5,.296,.316,.520,46.6,54.4,7.3,5.5,.485,21.8,22.0,.214
128,Illinois-Chicago,22,9,13,.409,-11.31,-6.67,,6,10,,7,4,,2,9,,1489,1591,,69.6,96.1,.228,.418,.516,48.4,53.2,5.2,7.0,.497,16.8,23.4,.150
129,Illinois State,25,7,18,.280,-5.21,0.62,,4,14,,3,8,,3,9,,1799,1870,,70.7,100.3,.252,.383,.544,49.5,50.8,8.4,9.3,.526,17.3,23.8,.167
130,Illinois NCAA,29,23,6,.793,24.84,12.67,,16,4,,11,2,,9,3,,2361,2008,,71.5,112.4,.392,.307,.583,57.1,55.6,7.9,7.0,.556,15.9,33.0,.271
131,Incarnate Word,22,8,14,.364,-16.09,-8.51,,5,9,,5,7,,3,6,,1495,1578,,68.2,99.1,.337,.382,.547,47.1,51.3,7.8,4.7,.516,18.4,23.9,.237
132,Indiana State,25,15,10,.600,2.25,2.13,,11,7,,9,3,,5,6,,1662,1645,,66.8,99.6,.359,.333,.530,48.9,46.0,9.8,8.7,.489,16.2,25.0,.264
133,Indiana,27,12,15,.444,13.85,13.51,,7,12,,6,6,,3,7,,1882,1873,,67.1,100.6,.415,.323,.521,49.0,57.5,8.3,10.5,.485,15.1,25.3,.275
134,Iona NCAA,17,12,5,.706,-0.87,-7.17,,6,3,,4,2,,4,3,,1228,1121,,69.9,103.4,.361,.376,.551,54.4,56.0,9.8,11.9,.512,19.3,33.4,.268
135,Iowa State,24,2,22,.083,-0.54,10.59,,0,18,,2,10,,0,11,,1574,1841,,70.5,93.0,.196,.386,.510,45.4,47.0,9.2,8.1,.480,18.8,24.3,.154
136,Iowa NCAA,29,21,8,.724,23.21,11.38,,14,6,,14,2,,6,4,,2429,2086,,70.9,117.6,.320,.399,.573,52.0,64.3,7.8,11.6,.546,11.5,30.7,.228
137,Purdue-Fort Wayne,23,8,15,.348,-11.32,-7.80,,6,14,,5,6,,3,9,,1728,1809,,69.4,104.2,.302,.405,.600,49.3,52.0,9.4,7.5,.582,21.4,26.2,.208
138,IUPUI,18,8,10,.444,-10.82,-6.21,,7,9,,4,5,,4,5,,1281,1364,,72.7,97.9,.305,.389,.523,48.6,52.9,9.5,5.9,.490,17.0,25.4,.219
139,Jackson State,18,12,6,.667,-11.55,-14.33,,11,0,,6,0,,5,5,,1181,1131,,70.5,91.8,.421,.293,.491,51.2,47.9,11.4,8.4,.446,18.7,28.9,.286
140,Jacksonville State,27,18,9,.667,-2.61,-5.65,,13,6,,8,3,,7,5,,2005,1851,,68.0,107.7,.316,.393,.556,53.4,53.0,7.3,9.8,.531,16.6,32.3,.217
141,Jacksonville,24,11,13,.458,-10.95,-6.55,,5,9,,7,5,,4,8,,1622,1668,,69.5,96.7,.340,.398,.529,48.0,46.6,9.8,7.4,.502,18.3,24.8,.226
142,James Madison,20,13,7,.650,0.73,-2.33,,8,2,,10,3,,3,3,,1562,1409,,72.4,107.9,.386,.405,.549,50.2,50.8,10.3,6.4,.521,14.6,29.4,.258
143,Kansas State,29,9,20,.310,0.80,9.09,,4,14,,6,12,,2,7,,1792,2037,,66.5,92.8,.289,.409,.500,49.9,58.1,8.3,4.7,.472,19.4,29.7,.192
144,Kansas NCAA,28,20,8,.714,16.60,10.26,,12,6,,14,1,,4,6,,2047,1841,,69.5,104.8,.305,.363,.533,52.5,52.0,9.8,11.2,.502,15.3,31.3,.217
145,Kennesaw State,24,5,19,.208,-13.93,-3.46,,1,13,,4,9,,0,9,,1571,1672,,69.7,93.9,.296,.387,.507,50.0,45.5,8.2,6.7,.481,18.0,25.5,.195
146,Kent State,23,15,8,.652,2.63,-1.00,,12,6,,9,2,,6,5,,1764,1635,,70.9,107.6,.277,.396,.544,53.7,52.0,9.5,9.1,.508,16.1,34.8,.216
147,Kentucky,25,9,16,.360,12.41,12.13,,8,9,,5,6,,4,7,,1761,1754,,70.0,99.7,.345,.322,.513,51.2,50.7,8.9,14.9,.471,16.9,32.6,.251
148,La Salle,25,9,16,.360,-2.34,4.08,,6,11,,6,3,,3,11,,1702,1838,,69.7,97.2,.242,.394,.525,48.5,50.2,10.6,9.4,.503,18.2,26.8,.166
149,Lafayette,15,9,6,.600,-1.24,-2.24,,9,5,,6,3,,3,3,,1165,1150,,70.2,107.1,.303,.386,.549,47.3,60.0,8.6,7.9,.506,13.3,23.7,.244
150,Lamar,28,10,18,.357,-13.24,-6.71,,7,10,,5,5,,3,11,,1843,2026,,69.8,93.5,.308,.277,.500,48.4,49.6,10.1,11.1,.460,17.7,26.4,.226
151,Lehigh,15,4,11,.267,-8.72,-0.45,,4,10,,1,5,,3,6,,1025,1149,,71.3,95.0,.279,.256,.502,49.4,49.2,8.3,5.6,.471,16.1,24.9,.195
152,Liberty NCAA,28,23,5,.821,4.30,-6.70,,11,2,,13,0,,5,3,,2097,1670,,64.5,116.0,.238,.478,.609,53.0,58.6,7.1,6.7,.585,13.6,23.8,.185
153,Lipscomb,27,15,12,.556,-6.92,-5.49,,9,6,,10,4,,4,7,,1922,1848,,68.4,103.7,.337,.381,.555,49.6,53.0,9.0,5.8,.527,15.8,23.6,.233
154,Cal State Long Beach,18,6,12,.333,-9.90,-4.23,,4,8,,4,3,,1,8,,1328,1430,,74.2,96.7,.377,.338,.538,46.9,45.1,8.2,7.2,.506,18.9,23.1,.257
155,Long Island University,18,9,9,.500,-5.74,-6.80,,9,9,,6,3,,3,6,,1332,1313,,74.5,99.3,.312,.404,.502,51.1,61.2,11.3,9.7,.473,16.3,32.9,.208
156,Longwood,28,12,16,.429,-7.34,-6.27,,10,10,,8,5,,4,11,,1854,1886,,66.2,100.0,.315,.379,.528,50.1,44.6,9.3,6.1,.499,17.3,28.1,.216
157,Louisiana,26,17,9,.654,-4.89,-5.56,,10,7,,10,3,,6,4,,1934,1892,,72.1,102.2,.288,.331,.529,53.5,46.6,7.7,11.0,.501,17.5,33.6,.201
158,Louisiana-Monroe,26,7,19,.269,-10.64,-5.95,,5,13,,5,8,,2,10,,1670,1792,,67.7,94.5,.251,.390,.510,44.9,58.3,10.9,8.1,.482,17.1,22.7,.176
159,Louisiana State NCAA,27,18,9,.667,15.66,8.88,,11,6,,11,2,,4,6,,2217,2034,,72.8,112.3,.340,.371,.564,50.1,42.3,11.0,7.8,.528,13.9,31.5,.254
160,Louisiana Tech,28,21,7,.750,6.47,-1.53,,12,4,,15,1,,5,5,,2059,1810,,70.8,103.8,.345,.373,.539,52.8,48.0,9.1,7.6,.509,16.0,28.3,.237
161,Louisville,20,13,7,.650,11.19,9.74,,8,5,,9,2,,4,4,,1359,1330,,66.0,102.3,.321,.303,.514,53.3,44.7,7.2,5.5,.478,14.8,32.0,.230
162,Loyola (IL) NCAA,28,24,4,.857,14.60,-0.09,,16,2,,13,0,,8,3,,2002,1555,,63.9,111.0,.315,.375,.598,54.1,60.1,10.8,7.0,.574,16.6,25.3,.227
163,Loyola Marymount,22,13,9,.591,4.58,3.08,,7,5,,8,3,,4,5,,1529,1496,,67.8,101.9,.413,.349,.557,56.3,53.3,6.9,7.7,.517,20.4,32.0,.300
164,Loyola (MD),17,6,11,.353,1.73,0.56,,4,10,,3,4,,3,7,,1226,1206,,68.4,100.9,.354,.303,.529,52.7,47.9,9.5,8.7,.511,17.5,31.3,.214
165,Maine,9,2,7,.222,-14.87,-3.43,,2,6,,1,1,,1,6,,478,581,,65.4,81.2,.272,.449,.468,46.8,62.8,8.7,13.5,.451,22.4,23.3,.155
166,Manhattan,20,7,13,.350,-11.50,-7.65,,6,12,,4,6,,3,6,,1268,1345,,67.6,91.0,.355,.373,.466,49.5,54.0,11.1,10.6,.426,17.5,31.9,.236
167,Marist,21,12,9,.571,-8.26,-8.07,,10,8,,6,3,,6,5,,1332,1336,,66.7,93.9,.315,.412,.520,50.3,48.2,8.0,12.4,.491,19.1,23.0,.216
168,Marquette,27,13,14,.481,9.27,9.35,,8,11,,7,7,,6,6,,1883,1885,,68.4,101.6,.350,.374,.544,51.7,50.4,7.4,9.9,.506,18.3,29.1,.257
169,Marshall,22,15,7,.682,5.99,-1.37,,9,5,,9,3,,6,3,,1758,1596,,73.1,108.7,.242,.410,.571,48.7,53.2,10.6,13.2,.548,14.6,23.8,.175
170,Maryland-Baltimore County,20,14,6,.700,-0.13,-4.78,,10,4,,5,4,,9,2,,1391,1298,,68.7,101.2,.366,.371,.539,51.8,45.3,7.4,5.1,.503,16.7,25.8,.260
171,Maryland-Eastern Shore,0,0,0,,,,,0,0,,0,0,,0,0,,,,,,,,,,,,,,,,,
172,Maryland NCAA,29,16,13,.552,15.33,12.86,,9,11,,11,6,,4,6,,1995,1884,,66.2,104.0,.337,.432,.561,49.8,55.1,7.6,10.2,.532,15.4,20.6,.237
173,Massachusetts-Lowell,23,11,12,.478,-5.31,-2.87,,7,8,,3,4,,6,6,,1575,1631,,69.3,98.9,.372,.349,.540,51.1,47.7,7.2,10.7,.512,18.6,27.0,.246
174,Massachusetts,15,8,7,.533,5.89,2.16,,6,4,,4,3,,3,3,,1151,1095,,72.3,103.5,.342,.440,.538,48.2,56.9,9.9,9.9,.500,14.5,24.3,.251
175,McNeese State,24,10,14,.417,-18.50,-11.61,,4,11,,7,5,,3,8,,1927,1722,,73.3,109.5,.286,.361,.583,53.6,61.7,9.8,5.4,.563,17.8,31.4,.197
176,Memphis,24,16,8,.667,12.75,3.55,,11,4,,10,1,,4,3,,1730,1509,,72.7,99.2,.342,.356,.524,54.6,61.4,12.4,14.2,.504,19.1,33.7,.212
177,Mercer,29,18,11,.621,1.75,-1.13,,8,9,,9,4,,6,6,,2225,2082,,70.1,107.6,.249,.387,.572,52.0,57.6,9.7,7.9,.551,16.1,26.2,.179
178,Merrimack,18,9,9,.500,-7.04,-6.66,,9,9,,6,3,,3,6,,1193,1200,,68.0,96.8,.310,.412,.538,45.3,49.8,11.7,10.1,.514,18.1,20.8,.206
179,Miami (FL),27,10,17,.370,4.13,8.65,,4,15,,7,8,,1,8,,1794,1916,,68.0,97.2,.328,.334,.510,50.2,47.1,9.7,10.9,.474,16.2,27.1,.230
180,Miami (OH),23,12,11,.522,-1.91,-1.96,,9,8,,7,4,,5,6,,1663,1647,,67.4,106.6,.254,.395,.542,49.6,46.5,6.6,7.4,.508,13.9,27.9,.197
181,Michigan State NCAA,27,15,12,.556,11.02,12.54,,9,11,,12,3,,3,8,,1864,1905,,69.1,99.9,.314,.341,.515,52.3,64.1,6.6,12.3,.479,16.3,30.4,.226
182,Michigan NCAA,24,20,4,.833,23.37,12.50,,14,3,,13,1,,6,2,,1830,1569,,67.6,112.3,.289,.339,.582,54.5,55.5,6.5,10.6,.549,14.5,29.4,.225
183,Middle Tennessee,23,5,18,.217,-10.57,-0.57,,3,13,,5,6,,0,9,,1426,1627,,69.8,88.7,.257,.399,.480,48.2,44.8,10.2,6.1,.451,18.9,25.8,.176
184,Milwaukee,22,10,12,.455,-6.88,-6.16,,7,10,,4,5,,6,6,,1662,1678,,71.1,103.9,.332,.359,.533,48.1,48.5,8.4,6.0,.495,13.5,24.1,.243
185,Minnesota,29,14,15,.483,12.06,12.75,,6,14,,13,4,,0,10,,2103,2123,,70.7,101.2,.367,.407,.499,48.0,56.7,8.8,11.4,.450,13.3,29.2,.272
186,Mississippi State,29,15,14,.517,8.95,6.71,,8,10,,9,6,,5,4,,1997,1932,,67.0,101.0,.329,.272,.521,55.0,50.2,9.2,13.5,.496,18.4,36.4,.212
187,Mississippi Valley State,24,2,22,.083,-38.55,-8.01,,2,13,,1,5,,1,16,,1364,2097,,73.9,76.9,.246,.483,.453,40.8,55.0,6.2,7.0,.436,22.2,18.0,.141
188,Mississippi,27,16,11,.593,12.02,6.32,,10,8,,10,4,,5,6,,1866,1712,,67.2,102.3,.344,.307,.523,53.4,48.8,11.3,11.8,.488,17.2,34.8,.241
189,Missouri-Kansas City,24,11,13,.458,-5.37,-3.12,,7,7,,8,3,,2,8,,1683,1502,,66.5,105.5,.293,.315,.572,50.3,55.3,11.9,7.1,.555,16.9,24.3,.193
190,Missouri State,24,17,7,.708,5.25,0.07,,12,6,,9,4,,7,2,,1762,1594,,68.7,106.9,.312,.387,.576,53.6,51.0,6.8,7.5,.546,16.6,24.8,.231
191,Missouri NCAA,25,16,9,.640,12.73,11.01,,8,8,,8,4,,6,4,,1841,1798,,70.5,103.4,.375,.375,.543,50.2,51.1,9.4,9.0,.509,16.5,28.6,.261
192,Monmouth,20,12,8,.600,-5.19,-6.94,,12,6,,7,2,,5,5,,1521,1486,,74.5,100.3,.382,.346,.525,48.6,54.1,10.9,9.8,.485,15.6,25.7,.270
193,Montana State,23,13,10,.565,-6.97,-5.97,,8,6,,5,3,,6,6,,1703,1655,,70.0,104.1,.397,.332,.552,50.7,43.3,7.9,6.6,.506,15.7,26.0,.300
194,Montana,28,15,13,.536,-5.12,-3.03,,7,9,,8,4,,5,8,,1981,1876,,68.0,102.7,.366,.281,.557,50.2,51.1,7.1,7.0,.511,17.3,24.3,.286
195,Morehead State NCAA,30,23,7,.767,-0.45,-4.55,,17,3,,12,1,,8,5,,2065,1902,,67.2,101.6,.359,.351,.551,54.8,51.8,6.5,14.7,.522,19.7,31.7,.245
196,Morgan State,22,14,8,.636,-5.45,-10.13,,7,5,,5,5,,7,2,,1755,1606,,75.9,105.1,.359,.382,.540,52.4,54.2,10.4,11.0,.499,17.5,34.8,.266
197,Mount St. Mary's NCAA,22,12,10,.545,-3.36,-4.77,,9,7,,6,3,,6,6,,1402,1371,,63.9,98.7,.297,.363,.515,53.9,50.6,6.8,10.9,.487,17.5,31.6,.201
198,Murray State,26,13,13,.500,-2.47,-7.80,,10,10,,9,4,,4,8,,1986,1739,,69.4,109.6,.254,.378,.582,53.0,57.5,9.7,10.4,.567,16.9,28.3,.171
199,Navy,18,15,3,.833,4.53,0.03,,12,1,,8,2,,6,1,,1287,1206,,67.2,104.9,.330,.326,.534,52.6,47.6,12.0,7.4,.500,15.6,32.3,.234
200,Omaha,25,5,20,.200,-13.17,-2.53,,3,11,,1,5,,3,12,,1683,1949,,72.2,93.3,.292,.266,.495,47.5,37.8,7.8,7.8,.463,16.1,23.0,.201
201,Nebraska,27,7,20,.259,7.10,13.29,,3,16,,6,9,,1,10,,1889,2004,,73.0,95.5,.311,.426,.513,47.7,55.0,9.8,9.6,.489,17.1,23.5,.199
202,Nevada-Las Vegas,27,12,15,.444,-1.34,1.14,,8,10,,8,4,,3,7,,1875,1822,,66.8,103.9,.212,.403,.537,52.7,50.4,9.5,9.1,.516,16.2,29.8,.150
203,Nevada,26,16,10,.615,5.29,2.01,,8,7,,10,2,,2,7,,1916,1812,,70.1,105.1,.388,.392,.560,50.8,57.9,8.0,9.5,.517,16.2,24.2,.293
204,New Hampshire,19,10,9,.526,-7.33,-5.83,,9,6,,5,6,,5,3,,1278,1266,,67.7,98.7,.319,.360,.494,51.5,47.1,8.0,8.4,.460,13.9,28.0,.218
205,New Mexico State,20,12,8,.600,-2.28,-6.16,,7,6,,4,2,,5,5,,1422,1283,,66.5,106.9,.312,.478,.536,54.2,50.6,7.5,7.2,.501,15.5,34.1,.228
206,New Mexico,22,6,16,.273,-12.42,-1.77,,1,8,,0,0,,3,8,,1436,1578,,69.2,93.2,.327,.293,.477,52.1,51.5,8.2,12.0,.453,17.9,34.3,.196
207,New Orleans,25,10,15,.400,-11.07,-9.91,,8,7,,6,3,,2,10,,1899,1910,,74.4,101.1,.327,.283,.557,49.9,55.6,10.1,6.9,.523,19.8,29.3,.241
208,Niagara,20,9,11,.450,-6.84,-6.29,,7,9,,5,3,,3,7,,1293,1304,,65.6,98.5,.346,.372,.505,46.6,52.7,8.9,6.2,.466,13.5,23.3,.245
209,Nicholls State,25,18,7,.720,-5.65,-9.15,,14,2,,8,1,,7,5,,1960,1831,,74.4,104.4,.277,.376,.538,50.2,45.8,12.1,8.6,.516,15.2,28.5,.185
210,NJIT,19,7,12,.368,-8.99,-4.94,,6,10,,3,5,,4,6,,1256,1333,,68.1,95.8,.342,.358,.497,45.7,41.1,9.7,6.2,.459,14.4,24.0,.236
211,Norfolk State NCAA,23,16,7,.696,-4.84,-9.41,,8,4,,7,4,,6,3,,1730,1591,,72.0,103.9,.384,.360,.539,50.6,47.7,8.8,10.6,.502,15.8,28.9,.271
212,North Alabama,24,13,11,.542,-9.86,-6.11,,7,8,,8,4,,3,6,,1756,1666,,71.3,101.6,.291,.391,.529,52.7,43.6,8.2,9.7,.494,16.7,29.3,.217
213,North Carolina-Asheville,20,10,10,.500,-6.45,-7.05,,9,5,,6,4,,4,6,,1468,1456,,69.9,103.1,.302,.391,.558,47.2,46.4,9.8,10.6,.546,18.7,26.8,.183
214,North Carolina A&T,21,11,10,.524,-13.84,-7.63,,7,1,,5,4,,5,6,,1517,1523,,74.3,96.6,.368,.337,.507,46.4,53.2,11.7,7.2,.475,16.4,27.8,.242
215,North Carolina Central,14,5,9,.357,-15.34,-8.11,,3,5,,4,2,,0,6,,942,1003,,69.7,95.7,.330,.354,.515,46.7,50.8,10.4,7.9,.481,18.3,25.9,.229
216,North Carolina-Greensboro NCAA,29,21,8,.724,3.88,-2.29,,13,5,,7,3,,10,3,,2135,1956,,70.5,103.9,.238,.389,.506,52.0,44.3,10.6,12.3,.482,13.1,31.9,.163
217,North Carolina State,23,13,10,.565,10.17,7.21,,9,8,,7,4,,5,5,,1684,1616,,68.5,106.3,.321,.322,.556,48.7,48.5,12.2,12.2,.527,16.3,30.0,.226
218,North Carolina-Wilmington,17,7,10,.412,-6.07,-5.69,,1,6,,3,4,,3,4,,1297,1253,,70.7,107.2,.368,.367,.546,47.5,46.6,8.5,8.6,.500,13.8,27.0,.282
219,North Carolina NCAA,28,18,10,.643,16.30,10.01,,10,6,,10,1,,3,7,,2119,1943,,71.9,105.3,.349,.282,.516,57.1,55.8,10.0,12.8,.485,16.8,41.2,.233
220,North Dakota State,27,15,12,.556,-1.17,-3.25,,11,5,,6,2,,5,7,,1883,1827,,66.6,104.3,.336,.362,.545,54.9,43.2,5.8,7.1,.504,16.4,28.7,.256
221,North Dakota,26,9,17,.346,-10.95,-3.95,,8,8,,5,3,,3,11,,1787,1969,,69.0,98.2,.346,.388,.528,47.6,49.1,7.4,5.3,.494,16.7,23.4,.241
222,North Florida,23,8,15,.348,-11.20,-4.35,,6,6,,5,3,,3,10,,1601,1725,,68.6,101.5,.254,.488,.557,46.9,51.9,6.5,7.7,.534,19.3,26.7,.181
223,North Texas NCAA,26,17,9,.654,7.40,-0.24,,9,5,,8,3,,5,6,,1815,1592,,65.6,105.9,.273,.373,.572,52.1,51.9,10.3,8.5,.546,17.8,28.3,.201
224,Northeastern,19,10,9,.526,-0.24,0.86,,8,2,,5,1,,4,7,,1277,1298,,68.4,97.6,.260,.439,.544,48.0,51.2,9.1,5.8,.515,18.0,20.2,.193
225,Northern Arizona,22,6,16,.273,-14.22,-2.86,,4,10,,1,7,,4,7,,1390,1640,,65.3,96.2,.304,.332,.507,45.7,47.1,8.3,5.2,.480,15.9,23.8,.201
226,Northern Colorado,22,11,11,.500,-8.03,-5.56,,6,8,,6,5,,4,5,,1551,1519,,69.4,101.0,.312,.432,.553,52.2,44.1,6.2,6.1,.531,18.1,24.5,.208
227,Northern Illinois,19,3,16,.158,-17.02,-1.92,,2,12,,2,7,,1,9,,1184,1471,,67.4,91.9,.239,.281,.465,49.3,44.7,8.5,10.1,.444,17.0,32.6,.147
228,Northern Iowa,25,10,15,.400,-1.65,2.53,,7,11,,6,5,,3,7,,1738,1779,,68.9,99.9,.259,.392,.530,51.6,50.9,9.3,7.7,.507,16.6,25.8,.177
229,Northern Kentucky,25,14,11,.560,-5.95,-6.07,,11,7,,9,4,,5,6,,1784,1781,,66.2,106.2,.278,.396,.534,50.8,44.8,9.6,4.6,.506,15.7,34.9,.196
230,Northwestern State,29,11,18,.379,-13.76,-5.22,,9,7,,6,4,,4,12,,2106,2312,,73.4,98.0,.296,.337,.516,47.3,48.8,9.4,7.3,.489,17.0,26.8,.199
231,Northwestern,24,9,15,.375,10.88,12.92,,6,13,,7,6,,2,8,,1686,1681,,69.3,100.4,.271,.404,.533,48.4,58.0,8.8,8.0,.505,15.2,21.7,.194
232,Notre Dame,26,11,15,.423,8.74,10.40,,7,11,,6,5,,4,8,,1890,1933,,67.4,107.9,.259,.434,.569,47.7,57.0,6.3,9.6,.539,14.2,22.0,.200
233,Oakland,30,12,18,.400,-8.44,-1.91,,10,10,,5,4,,6,11,,2240,2436,,70.6,102.4,.332,.419,.522,47.5,57.4,11.3,5.0,.487,15.4,30.0,.235
234,Ohio State NCAA,30,21,9,.700,19.95,13.58,,12,8,,10,4,,7,4,,2320,2129,,67.5,113.6,.376,.394,.573,51.8,49.5,6.8,9.5,.531,13.4,29.1,.287
235,Ohio NCAA,23,16,7,.696,5.89,-1.16,,9,5,,8,3,,4,4,,1860,1685,,71.9,112.5,.298,.385,.581,50.9,60.1,9.4,6.0,.558,14.7,28.8,.209
236,Oklahoma State NCAA,28,20,8,.714,14.14,9.97,,11,7,,10,3,,8,4,,2158,2041,,72.8,103.6,.363,.319,.555,52.1,47.7,9.8,11.1,.521,18.7,31.9,.259
237,Oklahoma NCAA,25,15,10,.600,13.73,8.21,,9,8,,10,3,,4,7,,1869,1731,,69.2,106.4,.291,.390,.541,50.0,50.0,10.5,9.2,.508,13.8,27.3,.217
238,Old Dominion,23,15,8,.652,-0.73,-0.50,,11,5,,9,1,,6,6,,1571,1556,,68.1,99.7,.316,.300,.523,51.5,47.4,10.9,11.5,.492,16.2,28.1,.219
239,Oral Roberts NCAA,26,16,10,.615,-0.76,-2.58,,10,5,,8,3,,5,7,,2126,1970,,73.7,111.0,.273,.466,.582,47.5,44.8,8.7,9.6,.545,14.1,23.8,.225
240,Oregon State NCAA,29,17,12,.586,7.55,7.69,,10,10,,10,6,,4,6,,2049,1981,,66.0,106.1,.340,.351,.539,50.2,59.8,9.1,9.9,.497,14.7,30.1,.258
241,Oregon NCAA,26,20,6,.769,13.62,6.66,,14,4,,11,2,,7,2,,1934,1753,,67.9,109.6,.268,.380,.566,50.7,48.8,11.0,10.7,.544,14.8,28.3,.189
242,Pacific,18,9,9,.500,1.60,4.19,,6,7,,6,2,,3,6,,1256,1272,,69.1,99.0,.276,.285,.508,51.7,48.6,9.1,10.3,.481,14.8,28.9,.188
243,Penn State,25,11,14,.440,14.73,15.09,,7,12,,7,5,,3,8,,1816,1825,,69.7,103.2,.278,.419,.513,51.8,52.6,11.3,6.9,.479,13.9,31.9,.206
244,Pennsylvania,0,0,0,,,,,0,0,,0,0,,0,0,,,,,,,,,,,,,,,,,
245,Pepperdine,24,12,12,.500,3.61,5.07,,7,6,,7,5,,3,5,,1830,1790,,72.3,103.4,.326,.366,.556,49.1,58.6,8.5,7.7,.515,16.2,23.6,.254
246,Pittsburgh,22,10,12,.455,8.77,7.73,,6,10,,7,6,,3,5,,1566,1543,,68.5,103.8,.369,.332,.519,53.6,57.9,8.8,11.2,.488,15.5,34.5,.245
247,Portland State,22,9,13,.409,-7.88,-6.22,,6,8,,7,6,,2,6,,1512,1463,,70.6,96.8,.327,.387,.490,52.2,46.4,11.7,8.7,.455,16.5,32.4,.222
248,Portland,21,6,15,.286,-13.99,3.67,,0,11,,5,8,,1,6,,1459,1748,,73.0,94.6,.359,.380,.525,42.4,51.2,8.6,7.9,.476,17.4,18.7,.278
249,Prairie View,21,16,5,.762,-8.49,-15.54,,13,0,,8,0,,5,3,,1497,1349,,70.7,100.9,.270,.361,.524,49.4,58.7,13.6,12.2,.503,16.8,30.9,.177
250,Presbyterian,22,7,15,.318,-13.41,-8.46,,5,12,,5,6,,2,9,,1411,1476,,66.8,95.5,.347,.349,.505,51.2,47.1,10.4,6.9,.470,19.3,32.3,.238
251,Princeton,0,0,0,,,,,0,0,,0,0,,0,0,,,,,,,,,,,,,,,,,
252,Providence,26,13,13,.500,9.93,9.81,,9,10,,8,3,,4,7,,1816,1813,,67.2,102.0,.316,.336,.516,49.5,53.3,8.3,7.7,.483,14.8,29.1,.221
253,Purdue NCAA,27,18,9,.667,17.29,12.47,,13,6,,11,1,,5,6,,1920,1790,,66.8,106.0,.322,.375,.545,54.5,56.0,7.7,11.2,.514,16.1,32.2,.229
254,Quinnipiac,22,9,13,.409,-8.32,-6.82,,7,10,,8,5,,1,5,,1485,1518,,72.0,92.2,.354,.415,.505,47.6,55.2,7.6,11.2,.469,17.6,21.2,.243
255,Radford,27,15,12,.556,-5.60,-6.00,,12,6,,9,5,,6,6,,1826,1745,,64.7,102.6,.396,.358,.546,55.9,46.7,9.2,5.3,.513,19.4,34.5,.270
256,Rhode Island,25,10,15,.400,6.08,5.72,,7,10,,6,3,,2,9,,1786,1777,,70.4,99.6,.389,.319,.525,52.3,47.7,9.1,12.2,.492,17.2,29.7,.260
257,Rice,28,15,13,.536,-3.76,-1.52,,6,10,,9,3,,3,9,,2068,2062,,72.5,101.9,.264,.482,.554,51.3,58.0,7.5,5.2,.527,18.5,26.9,.193
258,Richmond,21,13,8,.619,9.55,5.55,,6,5,,6,4,,5,3,,1574,1453,,70.1,106.9,.303,.364,.567,46.4,53.0,12.6,5.8,.538,13.8,19.8,.221
259,Rider,23,6,17,.261,-11.55,-5.07,,5,13,,1,8,,4,8,,1553,1702,,68.6,97.9,.290,.312,.518,49.4,50.4,7.4,6.0,.483,16.3,26.2,.212
260,Robert Morris,19,4,15,.211,-12.37,-4.70,,3,12,,3,6,,1,9,,1374,1494,,68.5,101.6,.256,.337,.524,47.5,57.7,9.2,8.1,.504,16.2,29.5,.168
261,Rutgers NCAA,26,15,11,.577,15.18,13.45,,10,10,,10,4,,4,6,,1819,1774,,68.5,101.6,.277,.327,.521,49.2,51.6,11.3,14.1,.502,14.4,27.4,.175
262,Sacramento State,20,8,12,.400,-9.08,-4.97,,5,9,,5,3,,3,8,,1443,1442,,66.2,107.0,.315,.313,.542,48.9,48.0,10.2,6.4,.516,13.2,27.3,.214
263,Sacred Heart,18,9,9,.500,-10.23,-5.51,,9,7,,4,3,,5,6,,1265,1350,,68.0,101.3,.336,.415,.522,48.9,55.9,7.0,5.1,.480,16.1,29.5,.249
264,Saint Francis (PA),22,6,16,.273,-8.47,-3.97,,5,13,,4,6,,2,10,,1515,1614,,69.7,97.7,.336,.329,.516,49.8,52.1,8.2,5.9,.478,17.5,28.8,.240
265,Saint Joseph's,20,5,15,.250,-3.54,6.91,,3,9,,3,3,,1,9,,1443,1652,,73.0,95.8,.267,.492,.517,44.9,56.7,8.0,4.5,.486,16.8,21.5,.194
266,Saint Louis,20,14,6,.700,12.95,2.60,,6,4,,12,1,,1,4,,1507,1300,,68.5,110.1,.305,.309,.546,56.8,63.1,10.3,9.7,.518,14.9,36.1,.214
267,Saint Mary's (CA),23,14,9,.609,7.47,5.69,,4,6,,9,3,,2,3,,1475,1434,,66.0,97.2,.277,.377,.510,52.0,44.8,9.4,8.0,.476,15.2,26.0,.202
268,Saint Peter's,25,14,11,.560,-4.66,-6.38,,10,8,,8,3,,4,7,,1580,1537,,68.0,92.9,.327,.344,.493,51.3,52.8,11.8,16.0,.456,18.8,30.4,.228
269,Sam Houston State,28,19,9,.679,-3.44,-5.02,,13,3,,12,1,,7,6,,2229,1969,,74.7,106.5,.312,.407,.552,49.7,54.6,11.3,8.7,.526,16.6,30.5,.216
270,Samford,19,6,13,.316,-8.54,-1.24,,2,9,,4,5,,2,7,,1460,1510,,75.0,100.4,.272,.397,.531,52.4,52.3,8.9,8.1,.506,18.3,30.4,.186
271,San Diego State NCAA,27,23,4,.852,14.63,2.20,,14,3,,13,2,,6,2,,2000,1635,,67.1,109.9,.345,.400,.562,53.0,53.8,12.3,10.0,.529,14.6,29.0,.249
272,San Diego,14,3,11,.214,-6.49,4.36,,2,7,,0,5,,3,5,,927,1079,,72.2,90.9,.256,.319,.488,46.2,52.6,9.2,8.5,.464,16.3,20.9,.166
273,San Francisco,25,11,14,.440,5.16,3.00,,4,9,,3,5,,4,6,,1786,1732,,69.5,102.8,.215,.502,.535,48.7,45.6,10.3,8.4,.513,14.9,24.9,.154
274,San Jose State,21,5,16,.238,-17.60,0.98,,2,12,,4,6,,0,8,,1381,1710,,72.4,90.9,.290,.393,.483,43.4,43.2,6.5,6.7,.455,15.6,20.6,.189
275,Santa Clara,20,12,8,.600,-1.26,0.95,,4,5,,6,3,,4,3,,1393,1412,,72.1,96.6,.406,.320,.521,50.2,49.4,6.1,10.1,.483,16.3,23.2,.277
276,Seattle,23,12,11,.522,-6.66,-4.92,,4,5,,6,3,,3,6,,1677,1578,,70.5,102.8,.292,.416,.516,47.2,44.5,9.3,9.9,.481,13.2,27.2,.214
277,Seton Hall,27,14,13,.519,12.04,10.45,,10,9,,7,4,,6,7,,1924,1881,,67.8,103.7,.357,.368,.539,50.1,51.6,9.2,11.4,.500,16.4,29.7,.261
278,Siena,17,12,5,.706,-3.29,-7.88,,12,4,,6,2,,6,2,,1149,1071,,66.2,102.1,.372,.351,.546,51.7,52.3,8.4,8.4,.520,17.2,28.0,.245
279,South Alabama,28,17,11,.607,-5.66,-5.49,,10,7,,10,5,,6,5,,2075,1985,,68.4,106.9,.334,.436,.552,48.4,43.9,10.3,11.0,.520,15.1,27.2,.240
280,South Carolina State,18,1,17,.056,-24.36,-7.03,,1,7,,1,6,,0,11,,1102,1414,,72.5,84.4,.276,.376,.472,44.6,44.4,8.1,7.6,.448,21.1,25.8,.171
281,South Carolina Upstate,23,5,18,.217,-13.13,-4.63,,5,11,,3,8,,2,10,,1515,1712,,68.9,95.6,.293,.400,.524,46.5,51.3,9.0,7.1,.491,18.4,23.7,.211
282,South Carolina,21,6,15,.286,3.79,10.41,,4,12,,3,6,,2,7,,1523,1662,,75.4,96.1,.279,.342,.493,48.7,49.5,11.1,10.0,.467,16.8,31.7,.183
283,South Dakota State,23,16,7,.696,2.63,-2.69,,9,3,,8,1,,4,2,,1850,1690,,71.9,111.9,.377,.348,.597,53.5,49.9,7.7,8.5,.568,15.4,24.4,.270
284,South Dakota,25,14,11,.560,-1.81,-4.06,,11,4,,7,2,,5,4,,1899,1805,,70.2,108.1,.325,.332,.572,50.5,51.8,6.5,6.9,.533,13.9,22.1,.254
285,South Florida,22,9,13,.409,0.10,6.39,,4,10,,4,6,,3,4,,1449,1571,,68.3,95.9,.343,.330,.488,52.8,48.6,7.7,8.6,.458,17.2,33.2,.218
286,Southeast Missouri State,27,11,16,.407,-9.83,-7.16,,9,11,,7,6,,3,9,,1864,1936,,68.9,97.5,.405,.396,.532,51.6,59.4,9.7,6.7,.499,19.2,27.6,.272
287,Southeastern Louisiana,26,8,18,.308,-17.62,-8.24,,5,11,,3,4,,4,13,,1775,2019,,71.6,94.1,.410,.405,.496,48.5,44.2,9.5,7.3,.454,18.8,31.2,.278
288,Southern California NCAA,29,22,7,.759,17.27,7.61,,15,5,,13,2,,7,3,,2168,1888,,67.6,108.8,.375,.312,.545,55.0,50.3,7.0,13.6,.521,15.4,35.6,.242
289,SIU Edwardsville,26,9,17,.346,-14.53,-5.61,,7,12,,2,8,,6,7,,1709,1897,,69.8,94.2,.330,.349,.527,48.4,54.4,8.4,13.1,.497,20.3,26.5,.225
290,Southern Illinois,26,12,14,.462,-3.48,0.80,,5,13,,8,5,,3,8,,1704,1770,,65.8,98.7,.294,.411,.549,46.5,57.3,9.3,5.6,.528,16.7,17.0,.195
291,Southern Methodist,16,11,5,.688,11.14,4.14,,7,4,,6,2,,5,2,,1185,1073,,70.8,104.6,.313,.375,.547,51.4,56.7,8.7,12.7,.514,17.4,30.5,.228
292,Southern Mississippi,25,8,17,.320,-6.88,-2.10,,4,13,,6,7,,2,9,,1605,1668,,68.5,93.3,.281,.302,.507,50.8,50.1,8.6,6.7,.480,18.2,24.4,.190
293,Southern Utah,24,20,4,.833,-0.70,-7.02,,12,2,,14,0,,5,3,,2021,1669,,73.1,114.6,.374,.419,.582,55.5,48.4,9.5,7.2,.545,14.3,31.7,.279
294,Southern,19,8,11,.421,-13.71,-13.28,,8,6,,5,2,,3,7,,1327,1335,,72.9,94.0,.405,.299,.517,51.5,57.4,11.0,6.6,.480,19.4,27.9,.272
295,St. Bonaventure NCAA,20,16,4,.800,15.15,5.00,,11,4,,8,1,,4,3,,1410,1207,,65.2,108.2,.278,.319,.536,53.1,56.8,9.2,12.4,.505,14.4,33.6,.204
296,St. Francis (NY),19,9,10,.474,-8.26,-6.42,,9,9,,4,6,,5,4,,1476,1511,,73.6,104.9,.307,.293,.530,49.4,50.0,10.9,8.9,.495,14.1,30.2,.226
297,St. John's (NY),27,16,11,.593,10.27,8.05,,10,9,,11,3,,4,6,,2132,2072,,74.1,105.1,.286,.333,.538,48.7,56.5,12.1,10.2,.504,14.6,29.1,.214
298,Stanford,27,14,13,.519,8.11,7.96,,10,10,,5,4,,6,6,,1883,1879,,69.7,98.3,.365,.309,.549,50.0,49.0,10.0,9.5,.514,19.0,25.1,.261
299,Stephen F. Austin,21,16,5,.762,-1.87,-8.71,,13,3,,10,1,,6,4,,1686,1484,,72.7,109.1,.421,.249,.588,55.4,53.2,12.9,10.0,.562,19.5,36.8,.286
300,Stetson,25,11,14,.440,-7.38,-4.57,,7,9,,7,5,,3,8,,1800,1767,,68.7,104.3,.273,.423,.542,50.8,54.7,10.3,7.7,.517,16.6,29.3,.190
301,Stony Brook,23,9,14,.391,-5.27,-3.86,,7,9,,5,5,,4,8,,1522,1509,,67.7,96.6,.329,.359,.499,51.7,51.2,8.2,14.5,.465,17.3,30.8,.225
302,Syracuse NCAA,25,16,9,.640,13.75,8.63,,9,7,,13,1,,2,7,,1896,1768,,69.7,108.2,.284,.392,.545,48.7,56.5,12.4,14.4,.507,13.8,30.2,.222
303,Tarleton State,20,10,10,.500,-8.17,-3.91,,5,7,,6,3,,4,7,,1467,1246,,69.2,106.1,.365,.258,.554,48.7,55.5,15.1,10.0,.518,14.8,26.0,.263
304,Temple,16,5,11,.313,2.77,5.77,,4,10,,3,5,,2,5,,1053,1101,,68.3,96.3,.389,.387,.512,49.5,61.5,6.1,6.7,.467,17.2,25.9,.279
305,Tennessee-Martin,24,8,16,.333,-19.02,-5.49,,6,14,,6,7,,2,9,,1571,1847,,68.7,94.2,.294,.355,.495,46.7,52.0,10.3,8.0,.458,17.8,29.2,.211
306,Tennessee State,23,4,19,.174,-13.65,-6.79,,3,17,,4,8,,0,11,,1573,1702,,72.5,93.4,.326,.358,.507,46.9,47.2,10.1,8.9,.475,18.5,25.5,.223
307,Tennessee Tech,27,5,22,.185,-13.63,-3.34,,5,15,,5,6,,0,16,,1797,2075,,70.2,94.4,.270,.427,.525,49.4,57.9,9.2,6.2,.501,20.1,26.6,.183
308,Tennessee NCAA,26,18,8,.692,18.06,8.79,,10,7,,13,3,,4,4,,1885,1644,,68.8,105.4,.351,.343,.542,51.6,59.2,10.5,14.4,.501,15.7,31.4,.262
309,Texas A&M-Corpus Christi,24,5,19,.208,-16.95,-6.29,,2,13,,4,8,,1,10,,1554,1716,,71.3,90.8,.357,.358,.513,48.4,56.8,9.6,8.1,.477,20.9,24.6,.245
310,Texas A&M,18,8,10,.444,2.31,4.97,,2,8,,6,4,,2,4,,1157,1205,,66.1,97.2,.340,.405,.516,50.9,54.4,10.4,6.7,.476,19.1,32.8,.246
311,Texas-Arlington,26,13,13,.500,-7.20,-4.55,,9,8,,9,4,,3,8,,1916,1827,,71.6,102.5,.268,.397,.513,48.9,52.1,11.4,12.2,.479,14.3,29.3,.197
312,Texas Christian,26,12,14,.462,2.83,7.21,,5,11,,6,7,,3,6,,1738,1852,,67.6,98.4,.324,.363,.527,50.2,54.1,8.9,9.1,.499,18.3,28.9,.218
313,Texas-El Paso,24,12,12,.500,0.90,1.09,,8,8,,10,2,,2,9,,1698,1644,,69.6,101.1,.291,.366,.521,49.4,46.9,8.9,7.5,.484,13.9,24.2,.217
314,Texas-Rio Grande Valley,19,9,10,.474,-10.22,-5.82,,2,5,,8,3,,1,6,,1376,1287,,74.5,97.2,.402,.369,.496,49.5,60.7,11.9,11.2,.463,16.9,32.4,.256
315,Texas-San Antonio,26,15,11,.577,-1.41,-0.36,,9,7,,12,2,,2,8,,2050,1906,,73.4,107.4,.234,.364,.537,51.3,49.9,8.4,8.8,.508,13.7,29.9,.178
316,Texas Southern NCAA,24,16,8,.667,-7.48,-10.96,,10,3,,8,2,,5,6,,1795,1672,,74.4,100.0,.382,.276,.526,53.9,45.8,9.6,12.4,.489,18.4,32.7,.267
317,Texas State,25,18,7,.720,-3.93,-7.45,,12,3,,8,3,,9,3,,1660,1543,,64.6,101.2,.274,.269,.540,52.4,52.6,10.4,9.6,.514,17.8,29.8,.194
318,Texas Tech NCAA,27,17,10,.630,16.54,6.91,,9,8,,11,4,,5,4,,1972,1712,,67.0,108.0,.393,.313,.537,51.5,51.0,10.7,12.6,.497,13.9,33.6,.279
319,Texas NCAA,26,19,7,.731,16.24,9.81,,11,6,,8,5,,6,2,,1956,1789,,69.6,106.5,.341,.419,.559,53.0,49.9,9.3,10.0,.529,17.5,31.3,.241
320,Toledo,29,21,8,.724,7.62,-1.48,,15,4,,12,1,,7,5,,2367,2103,,70.4,114.5,.284,.451,.576,50.3,56.1,8.6,6.4,.543,13.4,29.6,.221
321,Towson,18,4,14,.222,-9.02,-1.52,,3,9,,4,4,,0,6,,1214,1349,,66.8,99.5,.334,.295,.497,51.5,39.2,7.4,7.9,.454,15.5,34.1,.243
322,Troy,28,11,17,.393,-11.63,-3.63,,4,12,,7,4,,2,11,,1829,1942,,70.2,92.7,.348,.388,.492,51.2,50.3,8.9,8.7,.452,18.3,28.8,.242
323,Tulane,23,10,13,.435,1.04,3.60,,4,12,,6,6,,3,6,,1470,1529,,67.8,94.3,.366,.400,.493,45.8,55.3,11.0,9.7,.442,14.8,22.9,.273
324,Tulsa,23,11,12,.478,4.22,5.46,,7,9,,7,5,,4,4,,1573,1509,,68.0,100.5,.330,.399,.539,49.2,57.8,9.3,6.3,.511,17.4,26.9,.223
325,UCLA NCAA,26,17,9,.654,12.41,8.06,,13,6,,11,1,,5,6,,1894,1781,,65.5,108.1,.326,.317,.552,53.2,51.6,7.5,7.8,.520,14.5,30.2,.235
326,Utah State NCAA,28,20,8,.714,11.25,0.76,,13,4,,10,2,,5,3,,2052,1743,,69.5,105.4,.302,.320,.533,57.2,60.7,9.8,14.6,.500,16.5,35.7,.219
327,Utah Valley,22,11,11,.500,-4.38,-2.58,,9,4,,8,4,,3,6,,1632,1635,,72.0,102.5,.422,.269,.546,54.5,62.5,7.2,11.6,.522,18.0,31.5,.266
328,Utah,25,12,13,.480,9.38,7.06,,8,11,,8,5,,3,7,,1803,1745,,67.8,105.3,.288,.346,.567,47.9,57.6,7.9,9.2,.531,16.8,23.6,.228
329,Valparaiso,28,10,18,.357,-3.91,1.43,,7,11,,6,6,,4,11,,1821,1902,,68.3,94.4,.272,.403,.512,47.1,53.9,9.5,9.4,.479,16.3,20.1,.198
330,Vanderbilt,25,9,16,.360,6.64,7.24,,3,13,,6,7,,2,8,,1794,1809,,69.6,103.0,.329,.471,.548,49.3,52.2,10.1,7.3,.512,17.4,28.1,.242
331,Vermont,15,10,5,.667,2.79,-6.81,,10,4,,6,3,,4,2,,1095,951,,66.4,108.1,.330,.407,.572,52.9,55.1,7.4,8.0,.533,16.0,26.6,.257
332,Villanova NCAA,22,16,6,.727,18.08,9.67,,11,4,,9,0,,4,4,,1662,1477,,66.2,113.4,.301,.446,.563,51.1,57.8,8.0,4.4,.529,11.9,28.0,.230
333,Virginia Commonwealth NCAA,26,19,7,.731,12.28,5.74,,10,4,,12,2,,5,3,,1864,1694,,70.5,101.2,.340,.349,.550,49.6,52.7,13.0,14.8,.509,18.3,28.0,.259
334,VMI,25,13,12,.520,0.14,-0.23,,7,7,,11,1,,1,10,,2001,1897,,72.3,109.5,.272,.469,.584,51.3,55.7,7.3,8.0,.554,15.5,23.4,.210
335,Virginia Tech NCAA,21,15,6,.714,13.68,7.06,,9,4,,10,2,,3,3,,1515,1376,,66.5,107.2,.332,.410,.553,52.3,56.6,7.1,11.8,.525,15.2,28.4,.232
336,Virginia NCAA,24,18,6,.750,16.66,8.49,,13,4,,10,1,,6,3,,1647,1451,,60.8,112.3,.220,.423,.589,52.1,55.1,8.0,13.0,.561,13.9,23.1,.179
337,Wagner,20,13,7,.650,-3.37,-5.92,,13,5,,7,3,,6,4,,1425,1374,,66.8,104.8,.280,.305,.522,52.5,48.4,10.8,8.2,.491,15.3,34.8,.201
338,Wake Forest,22,6,16,.273,2.72,9.05,,3,15,,5,6,,1,9,,1458,1583,,67.4,97.7,.294,.460,.524,48.9,50.3,9.1,6.2,.490,17.7,25.8,.214
339,Washington State,27,14,13,.519,5.82,4.64,,7,12,,11,5,,3,6,,1853,1821,,68.6,97.4,.347,.396,.517,52.3,51.8,8.8,9.0,.479,18.7,30.8,.246
340,Washington,26,5,21,.192,-0.55,9.18,,4,16,,4,7,,1,9,,1759,2012,,71.0,95.3,.262,.392,.517,44.5,43.7,8.6,8.9,.489,17.3,23.4,.185
341,Weber State,23,17,6,.739,1.90,-6.45,,12,3,,11,0,,6,5,,1881,1594,,72.5,112.8,.368,.382,.616,51.4,52.6,9.2,8.0,.579,15.9,22.2,.289
342,West Virginia NCAA,27,18,9,.667,15.86,10.67,,11,6,,8,5,,7,2,,2087,1947,,70.7,107.8,.394,.331,.530,51.7,52.5,10.4,7.6,.487,14.3,35.5,.283
343,Western Carolina,27,11,16,.407,-6.92,-1.52,,4,13,,6,5,,4,9,,2039,2129,,72.2,102.2,.333,.420,.558,49.6,50.1,6.7,7.4,.526,17.3,22.9,.242
344,Western Illinois,22,7,15,.318,-12.84,-4.98,,5,9,,2,5,,4,9,,1606,1746,,73.5,99.3,.358,.365,.504,51.1,40.9,7.2,7.9,.461,15.2,29.1,.256
345,Western Kentucky,27,20,7,.741,5.41,0.18,,11,3,,11,2,,5,3,,1974,1833,,69.4,104.3,.362,.328,.557,55.0,52.4,9.4,12.5,.510,18.5,32.1,.286
346,Western Michigan,21,5,16,.238,-10.61,-0.31,,4,12,,2,9,,3,7,,1325,1511,,68.3,92.4,.252,.370,.513,48.2,49.1,6.5,5.3,.494,19.1,23.6,.161
347,Wichita State NCAA,21,16,5,.762,9.43,6.80,,11,2,,10,2,,5,2,,1520,1416,,68.8,104.0,.365,.406,.514,49.0,54.3,8.8,9.5,.477,13.9,30.6,.251
348,William & Mary,17,7,10,.412,-10.32,-3.09,,4,6,,1,3,,5,6,,1101,1224,,67.2,95.7,.320,.361,.504,48.4,47.2,7.8,8.4,.461,17.5,28.6,.239
349,Winthrop NCAA,24,23,1,.958,5.10,-7.65,,17,1,,11,1,,10,0,,1909,1603,,72.8,109.3,.357,.393,.558,56.3,53.6,10.7,6.7,.530,16.6,35.5,.245
350,Wisconsin NCAA,29,17,12,.586,17.82,12.51,,10,10,,11,5,,5,6,,2019,1865,,65.7,105.0,.269,.408,.530,48.8,54.3,8.8,10.4,.494,12.0,23.7,.207
351,Wofford,24,15,9,.625,2.19,0.19,,12,5,,9,3,,6,4,,1784,1627,,67.6,109.4,.254,.504,.579,51.6,54.3,9.8,6.1,.560,16.6,27.7,.179
352,Wright State,24,18,6,.750,7.73,-6.82,,16,4,,9,4,,9,2,,1967,1618,,72.1,113.0,.345,.329,.574,56.2,52.0,8.1,8.4,.544,15.5,34.2,.250
353,Wyoming,25,14,11,.560,-1.48,-2.56,,5,9,,7,5,,4,5,,1915,1888,,69.9,108.4,.353,.488,.569,47.0,54.1,8.2,5.4,.537,14.3,22.9,.254
354,Xavier,21,13,8,.619,11.95,7.33,,6,7,,11,2,,2,5,,1571,1474,,69.5,106.4,.259,.388,.544,50.8,62.6,9.8,10.3,.521,14.0,26.8,.180
355,Yale,0,0,0,,,,,0,0,,0,0,,0,0,,,,,,,,,,,,,,,,,
356,Youngstown State,27,15,12,.556,-8.94,-7.33,,9,11,,10,5,,5,7,,2010,1950,,69.1,106.2,.321,.362,.522,51.3,48.7,8.6,4.6,.484,13.9,33.6,.233