,,Overall,Overall,Overall,Overall,Overall,Overall,,Conf.,Conf.,,Home,Home,,Away,Away,,Points,Points,,Totals,Totals,Totals,Totals,Totals,Totals,Totals,Totals,Totals,Totals,Totals,Totals,Totals,Totals,Totals,Totals,Totals
Rk,School,G,W,L,W-L%,SRS,SOS,,W,L,,W,L,,W,L,,Tm.,Opp.,,MP,FG,FGA,FG%,3P,3PA,3P%,FT,FTA,FT%,ORB,TRB,AST,STL,BLK,TOV,PF
1,Abilene Christian NCAA,27,23,4,.852,6.10,-8.46,,13,2,,13,0,,5,4,,2096,1634,,1080,749,1628,.460,214,606,.353,384,571,.673,309,980,491,268,84,374,524
2,Air Force,25,5,20,.200,-13.04,0.17,,3,17,,3,8,,1,10,,1468,1798,,1000,522,1170,.446,174,527,.330,250,361,.693,110,580,308,177,62,361,415
3,Akron,23,15,8,.652,2.79,-1.02,,12,6,,9,1,,5,5,,1798,1660,,930,628,1415,.444,217,652,.333,325,429,.758,262,895,305,113,84,271,413
4,Alabama A&M,15,6,9,.400,-19.25,-15.39,,4,9,,5,2,,1,7,,950,1008,,610,347,868,.400,83,286,.290,173,276,.627,160,577,165,82,54,229,273
5,Alabama-Birmingham,29,22,7,.759,5.84,-3.79,,13,5,,15,2,,6,4,,2105,1748,,1160,788,1746,.451,147,475,.309,382,549,.696,311,1063,308,231,121,304,441
6,Alabama State,18,4,14,.222,-24.74,-17.41,,4,14,,3,6,,1,8,,1156,1288,,720,383,1009,.380,111,350,.317,279,431,.647,205,653,175,110,43,291,343
7,Alabama NCAA,30,24,6,.800,20.16,10.36,,16,2,,12,1,,7,3,,2387,2093,,1200,834,1937,.431,320,912,.351,399,554,.720,372,1215,426,259,131,420,554
8,Albany (NY),16,7,9,.438,-3.72,-4.41,,6,6,,4,5,,2,4,,1110,1099,,640,395,883,.447,102,303,.337,218,301,.724,110,480,187,98,29,201,285
9,Alcorn State,19,6,13,.316,-19.97,-10.45,,6,7,,4,3,,2,9,,1256,1437,,760,435,1107,.393,113,376,.301,273,376,.726,206,608,177,144,30,276,394
10,American,10,4,6,.400,-2.46,2.04,,4,5,,2,2,,2,4,,691,736,,420,248,557,.445,90,238,.378,105,149,.705,78,326,128,73,47,158,193
11,Appalachian State NCAA,28,17,11,.607,-5.33,-5.24,,7,8,,9,4,,4,7,,1986,1806,,1145,674,1626,.415,227,701,.324,411,558,.737,307,1007,333,225,97,329,386
12,Arizona State,25,11,14,.440,5.37,8.13,,7,10,,7,6,,2,6,,1858,1927,,1010,656,1515,.433,179,537,.333,367,504,.728,196,797,327,182,82,274,478
13,Arizona,26,17,9,.654,12.69,5.85,,11,9,,12,4,,5,5,,1961,1783,,1050,667,1492,.447,174,468,.372,453,623,.727,305,997,403,152,104,309,463
14,Little Rock,26,11,15,.423,-6.31,-5.35,,7,11,,7,4,,2,8,,1786,1782,,1050,638,1401,.455,147,472,.311,363,517,.702,261,898,354,165,86,392,415
15,Arkansas-Pine Bluff,25,4,21,.160,-22.90,-8.02,,3,12,,2,3,,2,17,,1549,1921,,1010,524,1356,.386,123,400,.308,378,523,.723,240,807,240,160,95,394,455
16,Arkansas State,24,11,13,.458,-7.96,-5.86,,7,8,,9,3,,1,9,,1741,1667,,965,621,1390,.447,154,402,.383,345,478,.722,265,892,347,158,68,313,385
17,Arkansas NCAA,28,22,6,.786,18.06,6.34,,13,4,,16,1,,5,4,,2307,1979,,1125,825,1814,.455,220,649,.339,437,593,.737,334,1119,419,226,145,368,474
18,Army,21,12,9,.571,4.67,4.77,,7,7,,5,5,,5,3,,1511,1452,,845,563,1225,.460,166,502,.331,219,345,.635,169,728,304,133,30,263,325
19,Auburn,27,13,14,.481,10.27,9.53,,7,11,,8,5,,3,8,,2084,2064,,1090,711,1628,.437,245,751,.326,417,589,.708,348,1063,400,168,163,438,482
20,Austin Peay,27,14,13,.519,-6.29,-7.85,,10,10,,8,5,,4,6,,2007,1890,,1090,733,1617,.453,194,573,.339,347,462,.751,341,931,357,183,54,397,472
21,Ball State,23,10,13,.435,-1.11,-0.37,,8,9,,7,4,,3,8,,1719,1736,,930,613,1384,.443,195,570,.342,298,397,.751,229,848,318,126,54,330,441
22,Baylor NCAA,24,22,2,.917,23.32,5.36,,13,1,,11,0,,7,1,,2025,1594,,965,746,1513,.493,248,593,.418,285,409,.697,309,875,409,215,90,298,412
23,Bellarmine,20,13,7,.650,-1.96,-6.24,,10,3,,6,4,,7,2,,1486,1307,,800,562,1091,.515,128,341,.375,234,314,.745,159,608,316,143,42,222,307
24,Belmont,30,26,4,.867,3.88,-8.29,,18,2,,11,1,,10,2,,2439,2074,,1205,894,1829,.489,271,787,.344,380,515,.738,264,1072,547,232,87,361,438
25,Binghamton,18,4,14,.222,-11.45,-4.56,,4,10,,1,9,,3,5,,1178,1302,,735,430,1039,.414,156,472,.331,162,241,.672,191,642,199,90,55,250,307
26,Boise State,26,18,8,.692,9.61,0.85,,14,6,,11,1,,6,6,,1981,1725,,1045,693,1522,.455,199,582,.342,396,532,.744,239,929,348,172,76,299,443
27,Boston College,20,4,16,.200,1.69,9.84,,2,11,,3,5,,0,7,,1427,1590,,805,500,1186,.422,180,546,.330,247,352,.702,183,666,230,143,77,274,324
28,Boston University,18,7,11,.389,1.11,5.67,,6,10,,2,6,,5,5,,1249,1331,,720,451,1034,.436,125,393,.318,222,296,.750,181,634,189,97,53,225,305
29,Bowling Green State,25,14,11,.560,1.03,-1.31,,10,8,,4,7,,10,3,,1963,1886,,1010,702,1662,.422,207,644,.321,352,477,.738,313,957,316,181,51,251,429
30,Bradley,28,12,16,.429,0.50,1.34,,6,12,,8,6,,2,9,,1948,1864,,1130,736,1636,.450,192,603,.318,284,393,.723,284,1033,382,144,98,346,455
31,Brigham Young NCAA,26,20,6,.769,14.58,5.86,,10,3,,11,2,,7,2,,2047,1780,,1055,751,1557,.482,233,616,.378,312,427,.731,247,1024,431,123,73,346,468
32,Brown,0,0,0,,,,,0,0,,0,0,,0,0,,,,,,,,,,,,,,,,,,,,,
33,Bryant,21,15,6,.714,0.99,-5.76,,10,4,,10,1,,5,5,,1761,1571,,840,609,1300,.468,198,515,.384,345,456,.757,220,845,327,143,75,319,347
34,Bucknell,12,5,7,.417,-3.71,-1.29,,4,6,,2,3,,3,4,,899,928,,480,311,683,.455,88,267,.330,189,248,.762,78,402,144,70,42,152,209
35,Buffalo,24,16,8,.667,7.50,-1.02,,12,5,,8,3,,5,3,,1961,1748,,970,736,1599,.460,168,497,.338,321,477,.673,357,1055,385,192,98,333,431
36,Butler,25,10,15,.400,5.74,10.90,,8,12,,8,4,,1,9,,1588,1717,,1015,572,1393,.411,179,554,.323,265,410,.646,230,807,308,139,51,286,406
37,Cal Poly,24,4,20,.167,-14.98,-2.94,,1,15,,3,8,,0,11,,1477,1700,,965,520,1316,.395,157,491,.320,280,388,.722,187,778,299,149,84,332,446
38,Cal State Bakersfield,26,15,11,.577,-1.70,-3.95,,11,7,,9,2,,6,8,,1811,1665,,1045,684,1531,.447,146,414,.353,297,416,.714,348,959,365,167,78,338,498
39,Cal State Fullerton,16,6,10,.375,-7.84,-4.57,,5,9,,5,4,,1,5,,1232,1257,,645,430,951,.452,131,341,.384,241,326,.739,140,526,218,107,32,205,271
40,Cal State Northridge,22,9,13,.409,-10.20,-3.48,,5,9,,4,7,,4,4,,1586,1709,,885,560,1323,.423,170,503,.338,296,407,.727,208,730,293,140,47,261,383
41,California Baptist,23,13,10,.565,-6.42,-6.21,,6,6,,11,4,,2,5,,1820,1674,,925,634,1334,.475,215,547,.393,337,457,.737,221,853,403,116,57,310,454
42,UC-Davis,18,10,8,.556,-7.27,-5.68,,7,5,,4,3,,4,3,,1295,1289,,735,449,1020,.440,102,315,.324,295,376,.785,160,571,195,135,50,261,359
43,UC-Irvine,27,18,9,.667,1.96,-2.36,,13,4,,10,1,,6,6,,1950,1712,,1090,729,1615,.451,132,390,.338,360,474,.759,303,1069,319,204,108,350,450
44,UC-Riverside,22,14,8,.636,2.55,-4.00,,10,5,,5,4,,7,3,,1544,1400,,890,572,1280,.447,201,542,.371,199,282,.706,189,799,308,116,51,264,384
45,UC-San Diego,17,7,10,.412,-8.51,-0.58,,4,10,,7,3,,0,7,,1214,1226,,685,447,973,.459,188,500,.376,132,207,.638,99,501,294,116,37,225,232
46,UC-Santa Barbara NCAA,26,22,4,.846,6.02,-4.31,,15,3,,11,0,,8,4,,1989,1633,,1050,717,1477,.485,176,501,.351,379,505,.750,241,915,423,197,72,285,413
47,University of California,29,9,20,.310,2.48,7.34,,3,17,,6,8,,1,11,,1897,2008,,1160,661,1536,.430,204,622,.328,371,532,.697,235,917,346,126,65,370,516
48,Campbell,27,17,10,.630,-6.29,-6.81,,11,6,,9,3,,6,7,,1917,1840,,1095,699,1409,.496,195,520,.375,324,478,.678,165,767,387,165,61,327,459
49,Canisius,13,7,6,.538,-7.87,-7.10,,7,5,,3,1,,4,4,,915,925,,520,321,786,.408,97,327,.297,176,248,.710,130,450,165,73,46,156,234
50,Central Arkansas,24,5,19,.208,-15.04,-2.17,,4,12,,4,5,,1,14,,1701,1933,,960,606,1388,.437,170,468,.363,319,445,.717,246,889,322,121,64,419,433
51,Central Connecticut State,21,5,16,.238,-13.08,-4.22,,5,13,,3,6,,2,9,,1439,1625,,840,522,1230,.424,150,463,.324,245,349,.702,179,664,270,145,54,298,359
52,Central Florida,23,11,12,.478,6.02,8.24,,8,10,,6,3,,4,8,,1546,1597,,925,542,1262,.429,180,507,.355,282,387,.729,216,765,285,157,79,340,389
53,Central Michigan,23,7,16,.304,-11.56,-3.41,,3,13,,5,7,,2,9,,1766,1835,,920,631,1417,.445,152,462,.329,352,523,.673,241,833,246,188,67,307,396
54,Charleston Southern,21,3,18,.143,-16.18,-5.68,,2,15,,1,9,,2,8,,1375,1550,,845,480,1182,.406,160,506,.316,255,357,.714,214,778,217,129,80,346,385
55,Charlotte,25,9,16,.360,-5.38,-2.13,,5,11,,6,7,,3,8,,1587,1668,,1025,545,1261,.432,143,441,.324,354,484,.731,172,778,282,136,73,335,364
56,Chattanooga,26,18,8,.692,-1.13,-2.50,,9,7,,9,3,,9,4,,1888,1801,,1050,667,1522,.438,218,607,.359,336,429,.783,217,881,319,178,48,289,370
57,Chicago State,9,0,9,.000,-31.29,1.94,,0,0,,0,0,,0,7,,499,798,,360,180,497,.362,51,203,.251,88,126,.698,54,234,89,49,13,140,178
58,Cincinnati,23,12,11,.522,4.21,7.42,,8,6,,5,5,,5,5,,1585,1659,,920,566,1339,.423,163,524,.311,290,442,.656,245,832,344,155,87,336,435
59,Citadel,25,13,12,.520,-5.61,-0.99,,5,11,,11,3,,1,8,,2019,1959,,1000,708,1566,.452,256,720,.356,347,495,.701,237,944,389,136,108,302,405
60,Clemson NCAA,23,16,7,.696,13.50,10.19,,10,6,,11,1,,2,5,,1502,1426,,925,541,1264,.428,192,555,.346,228,298,.765,198,751,305,140,66,292,361
61,Cleveland State NCAA,26,19,7,.731,-4.09,-4.97,,16,4,,9,2,,8,5,,1858,1835,,1065,684,1514,.452,166,520,.319,324,484,.669,279,910,363,182,65,334,499
62,Coastal Carolina,23,16,7,.696,-2.17,-8.17,,9,5,,12,1,,3,5,,1836,1535,,925,652,1419,.459,202,559,.361,330,452,.730,316,1005,356,195,96,344,380
63,Colgate NCAA,15,14,1,.933,19.16,1.43,,11,1,,8,1,,6,0,,1295,1029,,605,472,946,.499,136,338,.402,215,294,.731,144,596,262,108,52,151,235
64,College of Charleston,19,9,10,.474,-4.12,-2.30,,6,4,,8,6,,1,3,,1341,1329,,780,481,1066,.451,158,422,.374,221,311,.711,156,623,201,100,53,197,324
65,Colorado State,24,18,6,.750,8.59,-0.45,,14,4,,10,1,,6,4,,1791,1571,,960,615,1304,.472,205,569,.360,356,451,.789,182,843,348,132,61,327,414
66,Colorado NCAA,30,22,8,.733,16.76,6.99,,14,6,,11,1,,6,6,,2191,1898,,1200,774,1703,.454,224,611,.367,419,510,.822,296,1050,397,159,83,333,487
67,Columbia,0,0,0,,,,,0,0,,0,0,,0,0,,,,,,,,,,,,,,,,,,,,,
68,Connecticut NCAA,22,15,7,.682,17.13,9.22,,11,6,,7,3,,6,3,,1596,1422,,885,581,1323,.439,148,440,.336,286,391,.731,290,839,287,136,116,258,415
69,Coppin State,22,9,13,.409,-11.30,-4.99,,8,4,,5,3,,4,9,,1602,1741,,880,529,1287,.411,193,636,.303,351,564,.622,164,796,286,188,71,348,394
70,Cornell,0,0,0,,,,,0,0,,0,0,,0,0,,,,,,,,,,,,,,,,,,,,,
71,Creighton NCAA,28,20,8,.714,17.59,8.91,,14,6,,11,3,,7,4,,2155,1912,,1130,797,1675,.476,272,742,.367,289,450,.642,237,1011,445,198,99,311,433
72,Dartmouth,0,0,0,,,,,0,0,,0,0,,0,0,,,,,,,,,,,,,,,,,,,,,
73,Davidson,21,13,8,.619,10.59,3.99,,7,4,,7,4,,4,2,,1518,1336,,845,550,1162,.473,209,570,.367,209,305,.685,190,734,318,108,54,226,312
74,Dayton,23,14,9,.609,7.40,4.88,,9,7,,8,3,,4,6,,1614,1556,,945,567,1189,.477,185,495,.374,295,410,.720,159,766,316,103,45,335,356
75,Delaware State,19,3,16,.158,-23.02,-5.25,,1,11,,3,6,,0,10,,1345,1629,,765,468,1183,.396,152,492,.309,257,357,.720,205,678,216,123,69,321,405
76,Delaware,15,7,8,.467,-4.27,-4.12,,5,4,,6,3,,1,4,,1013,1012,,600,347,793,.438,107,321,.333,212,297,.714,131,526,188,69,54,215,262
77,Denver,21,2,19,.095,-17.21,-6.61,,1,13,,2,10,,0,9,,1466,1662,,850,519,1172,.443,141,403,.350,287,398,.721,156,636,251,120,54,311,431
78,DePaul,19,5,14,.263,3.63,9.79,,2,13,,2,8,,2,5,,1250,1367,,770,481,1154,.417,103,327,.315,185,273,.678,229,717,217,130,74,300,374
79,Detroit Mercy,22,12,10,.545,-2.77,-5.31,,10,6,,7,5,,5,5,,1683,1627,,885,598,1290,.464,225,575,.391,262,326,.804,197,719,315,150,54,253,313
80,Dixie State,21,8,13,.381,-14.97,-4.40,,4,10,,5,7,,3,6,,1461,1603,,840,514,1227,.419,128,418,.306,305,427,.714,200,740,321,143,43,320,439
81,Drake NCAA,29,25,4,.862,9.55,-1.63,,15,3,,14,1,,9,2,,2245,1875,,1170,868,1757,.494,204,552,.370,305,428,.713,300,1043,399,207,86,299,455
82,Drexel NCAA,19,12,7,.632,0.23,-4.41,,4,5,,3,2,,4,5,,1358,1270,,760,495,1038,.477,138,371,.372,230,296,.777,168,645,288,89,45,245,288
83,Duke,24,13,11,.542,14.04,9.33,,9,9,,8,5,,3,6,,1824,1711,,970,692,1479,.468,201,571,.352,239,346,.691,269,851,387,197,109,307,410
84,Duquesne,18,9,9,.500,3.36,3.53,,7,7,,5,2,,2,5,,1205,1208,,720,438,1040,.421,115,385,.299,214,329,.650,205,654,241,121,80,240,310
85,East Carolina,19,8,11,.421,1.12,3.95,,2,10,,7,6,,1,4,,1269,1291,,765,449,1094,.410,109,359,.304,262,362,.724,189,653,303,117,59,240,325
86,East Tennessee State,25,13,12,.520,2.05,0.70,,8,7,,8,4,,3,5,,1736,1654,,1005,620,1416,.438,201,575,.350,295,423,.697,253,897,295,184,64,339,431
87,Eastern Illinois,27,9,18,.333,-12.27,-6.75,,6,14,,5,7,,4,11,,1874,2023,,1095,707,1623,.436,186,574,.324,274,417,.657,285,944,360,193,88,383,435
88,Eastern Kentucky,29,22,7,.759,-2.23,-7.79,,15,5,,10,2,,9,4,,2372,2137,,1180,871,1946,.448,279,778,.359,351,497,.706,306,1033,461,299,103,372,533
89,Eastern Michigan,18,6,12,.333,-13.33,-0.33,,3,11,,5,4,,1,8,,1267,1362,,720,448,1077,.416,128,411,.311,243,326,.745,169,594,198,160,42,221,274
90,Eastern Washington NCAA,23,16,7,.696,2.46,-5.45,,12,3,,7,2,,6,5,,1795,1597,,920,638,1367,.467,194,548,.354,325,413,.787,175,815,347,113,66,264,390
91,Elon,19,10,9,.526,-4.50,-3.61,,4,7,,4,2,,3,6,,1249,1235,,760,449,1084,.414,154,473,.326,197,266,.741,166,652,206,108,39,218,359
92,Evansville,25,9,16,.360,-4.70,0.14,,7,11,,8,4,,1,10,,1619,1740,,1015,571,1299,.440,240,637,.377,237,330,.718,149,670,291,122,56,274,377
93,Fairfield,27,10,17,.370,-10.73,-5.84,,7,11,,4,8,,3,8,,1668,1800,,1090,580,1456,.398,163,517,.315,345,496,.696,265,949,271,125,62,349,480
94,Fairleigh Dickinson,24,9,15,.375,-8.40,-4.69,,8,10,,4,6,,5,9,,1801,1890,,970,645,1432,.450,194,517,.375,317,445,.712,244,813,287,182,93,340,439
95,Florida A&M,20,8,12,.400,-11.96,-9.16,,7,5,,4,1,,4,10,,1314,1370,,800,500,1126,.444,95,303,.314,219,336,.652,206,705,265,130,50,338,364
96,Florida Atlantic,23,13,10,.565,-1.88,-4.77,,7,5,,7,1,,4,7,,1796,1537,,925,652,1409,.463,223,587,.380,269,407,.661,287,929,335,175,63,318,415
97,Florida Gulf Coast,18,10,8,.556,-9.47,-6.97,,4,4,,7,4,,2,2,,1292,1242,,720,483,1126,.429,146,499,.293,180,271,.664,206,700,246,134,77,265,280
98,Florida International,26,9,17,.346,-10.99,-3.04,,2,15,,7,8,,2,9,,1914,1985,,1055,690,1604,.430,273,816,.335,261,392,.666,252,847,388,219,105,380,463
99,Florida State NCAA,22,16,6,.727,17.98,9.39,,11,4,,12,1,,3,4,,1736,1547,,890,620,1307,.474,181,464,.390,315,427,.738,255,822,322,163,113,315,407
100,Florida NCAA,23,14,9,.609,14.89,10.76,,9,7,,6,3,,5,5,,1701,1606,,920,605,1303,.464,157,440,.357,334,441,.757,230,809,272,168,125,337,426
101,Fordham,14,2,12,.143,-10.52,4.26,,2,11,,2,5,,0,6,,725,932,,560,257,716,.359,79,294,.269,132,197,.670,95,415,153,87,28,187,221
102,Fresno State,24,12,12,.500,-3.50,0.14,,9,11,,7,5,,4,6,,1591,1618,,965,552,1289,.428,164,499,.329,323,485,.666,257,853,249,158,70,344,427
103,Furman,25,16,9,.640,6.46,-1.22,,10,5,,11,1,,5,7,,1990,1723,,1005,730,1499,.487,242,708,.342,288,398,.724,223,879,416,205,84,313,428
104,Gardner-Webb,26,11,15,.423,-3.31,-5.58,,10,10,,7,4,,4,11,,1837,1778,,1040,651,1465,.444,232,643,.361,303,439,.690,239,895,339,153,125,304,492
105,George Mason,22,13,9,.591,2.93,1.50,,8,6,,7,3,,3,4,,1569,1538,,905,578,1347,.429,160,487,.329,253,394,.642,254,834,287,159,94,282,353
106,George Washington,17,5,12,.294,-4.62,-0.44,,3,5,,3,6,,1,5,,1158,1229,,685,411,928,.443,102,315,.324,234,335,.699,136,582,194,107,46,233,247
107,Georgetown NCAA,25,13,12,.520,11.73,11.05,,7,9,,7,6,,2,6,,1784,1767,,1005,621,1463,.424,208,568,.366,334,443,.754,292,1005,321,148,97,383,397
108,Georgia Southern,26,13,13,.500,-9.75,-5.79,,7,9,,9,4,,4,8,,1860,1762,,1070,686,1536,.447,194,608,.319,294,463,.635,306,964,322,210,101,374,444
109,Georgia State,22,16,6,.727,-1.23,-4.13,,8,4,,9,1,,5,4,,1767,1599,,900,649,1386,.468,178,497,.358,291,425,.685,250,826,369,157,97,255,365
110,Georgia Tech NCAA,25,17,8,.680,14.06,8.54,,11,6,,11,3,,4,5,,1888,1750,,1025,695,1467,.474,189,542,.349,309,425,.727,204,770,401,230,85,278,391
111,Georgia,26,14,12,.538,7.02,8.42,,7,11,,12,5,,2,6,,2014,2027,,1045,734,1603,.458,165,509,.324,381,553,.689,318,973,389,220,64,434,484
112,Gonzaga NCAA,26,26,0,1.000,26.43,3.43,,15,0,,12,0,,7,0,,2395,1797,,1040,888,1612,.551,190,520,.365,429,590,.727,249,986,476,216,74,315,433
113,Grambling,24,12,12,.500,-14.78,-13.00,,9,6,,6,4,,5,7,,1617,1649,,965,562,1313,.428,125,377,.332,368,553,.665,207,827,337,195,73,371,433
114,Grand Canyon NCAA,23,17,6,.739,3.83,-5.78,,9,3,,10,3,,5,1,,1738,1405,,920,646,1314,.492,156,470,.332,290,423,.686,240,921,371,112,68,301,392
115,Green Bay,25,8,17,.320,-9.32,-4.40,,8,12,,6,6,,2,11,,1790,1913,,1030,656,1507,.435,170,511,.333,308,411,.749,228,817,352,138,90,269,405
116,Hampton,25,11,14,.440,-13.05,-8.65,,9,9,,5,7,,6,7,,1721,1831,,1000,619,1437,.431,185,557,.332,298,411,.725,196,844,292,152,149,318,426
117,Hartford NCAA,23,15,8,.652,-2.76,-5.37,,8,6,,10,1,,5,6,,1515,1455,,920,543,1251,.434,174,532,.327,255,358,.712,187,763,253,161,47,291,371
118,Harvard,0,0,0,,,,,0,0,,0,0,,0,0,,,,,,,,,,,,,,,,,,,,,
119,Hawaii,21,11,10,.524,-4.48,-4.22,,9,9,,7,5,,4,4,,1503,1452,,855,534,1208,.442,164,456,.360,271,376,.721,217,752,246,119,32,291,350
120,High Point,24,9,15,.375,-10.19,-6.98,,6,11,,5,5,,4,10,,1600,1677,,965,564,1357,.416,115,396,.290,357,520,.687,279,851,292,158,90,303,428
121,Hofstra,23,13,10,.565,-1.85,-2.02,,8,6,,7,3,,5,6,,1683,1679,,925,595,1342,.443,174,527,.330,319,445,.717,241,816,293,152,68,279,368
122,Holy Cross,16,5,11,.313,-0.17,5.27,,5,11,,2,7,,3,4,,1130,1217,,645,423,951,.445,111,314,.354,173,248,.698,150,522,193,110,63,206,305
123,Houston Baptist,25,6,19,.240,-16.94,-5.94,,4,11,,4,6,,1,12,,1776,2007,,1005,635,1485,.428,202,588,.344,304,415,.733,228,849,354,176,92,418,424
124,Houston NCAA,27,24,3,.889,22.14,4.14,,14,3,,15,0,,5,3,,2096,1562,,1080,739,1664,.444,252,699,.361,366,494,.741,387,1110,381,221,126,293,506
125,Howard,5,1,4,.200,-13.80,-2.05,,0,0,,1,1,,0,0,,363,424,,200,123,283,.435,38,123,.309,79,110,.718,41,177,74,26,25,72,89
126,Idaho State,24,13,11,.542,-9.80,-7.11,,8,6,,8,3,,5,5,,1637,1481,,970,559,1261,.443,166,499,.333,353,496,.712,243,861,273,108,83,357,442
127,Idaho,22,1,21,.045,-19.79,-4.38,,1,17,,1,9,,0,11,,1343,1682,,890,489,1133,.432,122,358,.341,243,335,.725,152,657,266,109,43,360,416
128,Illinois-Chicago,22,9,13,.409,-11.31,-6.67,,6,10,,7,4,,2,9,,1489,1591,,890,558,1301,.429,178,544,.327,195,296,.659,183,766,297,81,68,291,409
129,Illinois State,25,7,18,.280,-5.21,0.62,,4,14,,3,8,,3,9,,1799,1870,,1015,679,1477,.460,195,566,.345,246,372,.661,206,881,345,150,84,345,411
130,Illinois NCAA,29,23,6,.793,24.84,12.67,,16,4,,11,2,,9,3,,2361,2008,,1175,851,1707,.499,197,524,.376,462,669,.691,313,1172,473,166,82,382,520
131,Incarnate Word,22,8,14,.364,-16.09,-8.51,,5,9,,5,7,,3,6,,1495,1578,,885,524,1179,.444,168,450,.373,279,397,.703,171,686,269,118,40,308,395
132,Indiana State,25,15,10,.600,2.25,2.13,,11,7,,9,3,,5,6,,1662,1645,,1000,580,1338,.433,149,446,.334,353,481,.734,207,796,267,164,73,302,373
133,Indiana,27,12,15,.444,13.85,13.51,,7,12,,6,6,,3,7,,1882,1873,,1115,654,1510,.433,158,488,.324,416,626,.665,242,933,376,155,101,322,479
134,Iona NCAA,17,12,5,.706,-0.87,-7.17,,6,3,,4,2,,4,3,,1228,1121,,680,423,951,.445,127,358,.355,255,343,.743,189,637,237,116,67,266,370
135,Iowa State,24,2,22,.083,-0.54,10.59,,0,18,,2,10,,0,11,,1574,1841,,960,591,1413,.418,175,546,.321,217,277,.783,206,758,278,156,75,357,447
136,Iowa NCAA,29,21,8,.724,23.21,11.38,,14,6,,14,2,,6,4,,2429,2086,,1165,863,1839,.469,283,733,.386,420,589,.713,328,1164,555,162,131,276,433
137,Purdue-Fort Wayne,23,8,15,.348,-11.32,-7.80,,6,14,,5,6,,3,9,,1728,1809,,955,631,1259,.501,204,510,.400,262,380,.689,177,721,328,156,64,393,413
138,IUPUI,18,8,10,.444,-10.82,-6.21,,7,9,,4,5,,4,5,,1281,1364,,720,452,1069,.423,143,416,.344,234,326,.718,168,608,239,124,40,250,340
139,Jackson State,18,12,6,.667,-11.55,-14.33,,11,0,,6,0,,5,5,,1181,1131,,730,397,1002,.396,100,294,.340,287,422,.680,187,661,190,147,59,277,348
140,Jacksonville State,27,18,9,.667,-2.61,-5.65,,13,6,,8,3,,7,5,,2005,1851,,1095,723,1568,.461,219,616,.356,340,496,.685,299,1048,383,135,94,360,413
141,Jacksonville,24,11,13,.458,-10.95,-6.55,,5,9,,7,5,,4,8,,1622,1668,,965,577,1320,.437,170,526,.323,298,449,.664,206,800,269,164,63,343,372
142,James Madison,20,13,7,.650,0.73,-2.33,,8,2,,10,3,,3,3,,1562,1409,,800,543,1201,.452,166,486,.342,310,464,.668,220,747,276,149,40,243,375
143,Kansas State,29,9,20,.310,0.80,9.09,,4,14,,6,12,,2,7,,1792,2037,,1160,649,1577,.412,191,645,.296,303,456,.664,296,953,377,161,44,431,492
144,Kansas NCAA,28,20,8,.714,16.60,10.26,,12,6,,14,1,,4,6,,2047,1841,,1125,737,1676,.440,209,608,.344,364,511,.712,316,1064,383,192,114,346,427
145,Kennesaw State,24,5,19,.208,-13.93,-3.46,,1,13,,4,9,,0,9,,1571,1672,,960,571,1359,.420,164,526,.312,265,402,.659,215,815,260,138,60,341,429
146,Kent State,23,15,8,.652,2.63,-1.00,,12,6,,9,2,,6,5,,1764,1635,,925,635,1432,.443,185,567,.326,309,397,.778,289,900,330,156,76,312,391
147,Kentucky,25,9,16,.360,12.41,12.13,,8,9,,5,6,,4,7,,1761,1754,,1010,615,1476,.417,160,476,.336,371,509,.729,300,951,312,157,148,349,450
148,La Salle,25,9,16,.360,-2.34,4.08,,6,11,,6,3,,3,11,,1702,1838,,1005,633,1453,.436,195,573,.340,241,352,.685,234,829,318,186,83,361,431
149,Lafayette,15,9,6,.600,-1.24,-2.24,,9,5,,6,3,,3,3,,1165,1150,,620,405,928,.436,129,358,.360,226,281,.804,133,525,243,94,51,163,280
150,Lamar,28,10,18,.357,-13.24,-6.71,,7,10,,5,5,,3,11,,1843,2026,,1130,670,1608,.417,139,445,.312,364,496,.734,269,967,332,200,118,396,466
151,Lehigh,15,4,11,.267,-8.72,-0.45,,4,10,,1,5,,3,6,,1025,1149,,605,388,901,.431,73,231,.316,176,251,.701,137,521,191,90,32,196,268
152,Liberty NCAA,28,23,5,.821,4.30,-6.70,,11,2,,13,0,,5,3,,2097,1670,,1120,761,1548,.492,289,740,.391,286,368,.777,198,934,446,128,64,271,407
153,Lipscomb,27,15,12,.556,-6.92,-5.49,,9,6,,10,4,,4,7,,1922,1848,,1085,687,1493,.460,200,569,.351,348,503,.692,208,918,364,167,53,326,376
154,Cal State Long Beach,18,6,12,.333,-9.90,-4.23,,4,8,,4,3,,1,8,,1328,1430,,740,466,1047,.445,127,354,.359,269,395,.681,147,630,210,112,52,288,349
155,Long Island University,18,9,9,.500,-5.74,-6.80,,9,9,,6,3,,3,6,,1332,1313,,720,479,1155,.415,134,467,.287,240,360,.667,240,705,293,152,69,259,315
156,Longwood,28,12,16,.429,-7.34,-6.27,,10,10,,8,5,,4,11,,1854,1886,,1120,662,1527,.434,200,579,.345,330,481,.686,268,929,295,173,50,367,485
157,Louisiana,26,17,9,.654,-4.89,-5.56,,10,7,,10,3,,6,4,,1934,1892,,1050,713,1607,.444,185,532,.348,323,463,.698,317,1027,332,145,122,388,457
158,Louisiana-Monroe,26,7,19,.269,-10.64,-5.95,,5,13,,5,8,,2,10,,1670,1792,,1045,609,1464,.416,194,571,.340,258,367,.703,205,791,355,193,74,338,433
159,Louisiana State NCAA,27,18,9,.667,15.66,8.88,,11,6,,11,2,,4,6,,2217,2034,,1085,784,1692,.463,220,628,.350,429,575,.746,310,1034,332,218,75,317,467
160,Louisiana Tech,28,21,7,.750,6.47,-1.53,,12,4,,15,1,,5,5,,2059,1810,,1120,731,1640,.446,209,612,.342,388,566,.686,287,1092,351,181,77,364,424
161,Louisville,20,13,7,.650,11.19,9.74,,8,5,,9,2,,4,4,,1359,1330,,805,494,1146,.431,107,347,.308,264,368,.717,225,764,221,96,37,229,338
162,Loyola (IL) NCAA,28,24,4,.857,14.60,-0.09,,16,2,,13,0,,8,3,,2002,1555,,1130,735,1456,.505,201,546,.368,331,458,.723,201,914,442,194,67,334,399
163,Loyola Marymount,22,13,9,.591,4.58,3.08,,7,5,,8,3,,4,5,,1529,1496,,885,525,1147,.458,135,400,.338,344,474,.726,215,772,280,103,58,351,417
164,Loyola (MD),17,6,11,.353,1.73,0.56,,4,10,,3,4,,3,7,,1226,1206,,710,461,992,.465,92,301,.306,212,351,.604,191,639,221,116,54,245,308
165,Maine,9,2,7,.222,-14.87,-3.43,,2,6,,1,1,,1,6,,478,581,,360,172,452,.381,64,203,.315,70,123,.569,69,281,108,51,40,147,161
166,Manhattan,20,7,13,.350,-11.50,-7.65,,6,12,,4,6,,3,6,,1268,1345,,825,439,1165,.377,115,435,.264,275,413,.666,253,724,237,154,74,288,453
167,Marist,21,12,9,.571,-8.26,-8.07,,10,8,,6,3,,6,5,,1332,1336,,850,475,1113,.427,142,458,.310,240,351,.684,158,736,229,114,84,303,370
168,Marquette,27,13,14,.481,9.27,9.35,,8,11,,7,7,,6,6,,1883,1885,,1085,661,1484,.445,179,555,.323,382,520,.735,258,979,333,137,100,388,465
169,Marshall,22,15,7,.682,5.99,-1.37,,9,5,,9,3,,6,3,,1758,1596,,885,656,1382,.475,204,567,.360,242,334,.725,183,778,349,172,114,263,333
170,Maryland-Baltimore County,20,14,6,.700,-0.13,-4.78,,10,4,,5,4,,9,2,,1391,1298,,800,483,1099,.439,139,408,.341,286,402,.711,175,730,219,102,35,258,336
171,Maryland-Eastern Shore,0,0,0,,,,,0,0,,0,0,,0,0,,,,,,,,,,,,,,,,,,,,,
172,Maryland NCAA,29,16,13,.552,15.33,12.86,,9,11,,11,6,,4,6,,1995,1884,,1160,699,1533,.456,234,663,.353,363,517,.702,188,965,385,145,98,324,431
173,Massachusetts-Lowell,23,11,12,.478,-5.31,-2.87,,7,8,,3,4,,6,6,,1575,1631,,920,560,1240,.452,150,433,.346,305,461,.662,201,794,267,115,89,334,469
174,Massachusetts,15,8,7,.533,5.89,2.16,,6,4,,4,3,,3,3,,1151,1095,,615,394,920,.428,132,405,.326,231,315,.733,136,517,224,110,61,181,261
175,McNeese State,24,10,14,.417,-18.50,-11.61,,4,11,,7,5,,3,8,,1927,1722,,960,718,1456,.493,204,526,.388,287,417,.688,255,896,443,172,49,359,410
176,Memphis,24,16,8,.667,12.75,3.55,,11,4,,10,1,,4,3,,1730,1509,,960,625,1419,.440,179,505,.354,301,485,.621,292,957,384,217,117,390,467
177,Mercer,29,18,11,.621,1.75,-1.13,,8,9,,9,4,,6,6,,2225,2082,,1180,832,1738,.479,250,673,.371,311,433,.718,252,1053,479,200,86,373,445
178,Merrimack,18,9,9,.500,-7.04,-6.66,,9,9,,6,3,,3,6,,1193,1200,,725,434,967,.449,126,398,.317,199,300,.663,124,556,216,144,68,245,305
179,Miami (FL),27,10,17,.370,4.13,8.65,,4,15,,7,8,,1,8,,1794,1916,,1085,647,1523,.425,150,509,.295,350,500,.700,257,944,305,179,104,341,332
180,Miami (OH),23,12,11,.522,-1.91,-1.96,,9,8,,7,4,,5,6,,1663,1647,,925,598,1370,.436,197,541,.364,270,348,.776,226,797,278,103,58,248,388
181,Michigan State NCAA,27,15,12,.556,11.02,12.54,,9,11,,12,3,,3,8,,1864,1905,,1080,668,1574,.424,172,537,.320,356,494,.721,294,1015,428,123,126,352,535
182,Michigan NCAA,24,20,4,.833,23.37,12.50,,14,3,,13,1,,6,2,,1830,1569,,965,668,1382,.483,181,468,.387,311,400,.778,219,899,371,106,103,266,353
183,Middle Tennessee,23,5,18,.217,-10.57,-0.57,,3,13,,5,6,,0,9,,1426,1627,,920,511,1323,.386,171,528,.324,233,340,.685,223,768,229,164,52,345,372
184,Milwaukee,22,10,12,.455,-6.88,-6.16,,7,10,,4,5,,6,6,,1662,1678,,900,588,1348,.436,159,484,.329,327,447,.732,197,770,285,134,47,244,405
185,Minnesota,29,14,15,.483,12.06,12.75,,6,14,,13,4,,0,10,,2103,2123,,1175,704,1794,.392,207,730,.284,488,659,.741,340,1067,399,183,134,324,538
186,Mississippi State,29,15,14,.517,8.95,6.71,,8,10,,9,6,,5,4,,1997,1932,,1180,747,1658,.451,151,451,.335,352,545,.646,364,1139,375,181,136,433,450
187,Mississippi Valley State,24,2,22,.083,-38.55,-8.01,,2,13,,1,5,,1,16,,1364,2097,,960,480,1347,.356,214,651,.329,190,332,.572,168,749,264,110,71,430,428
188,Mississippi,27,16,11,.593,12.02,6.32,,10,8,,10,4,,5,6,,1866,1712,,1085,678,1533,.442,141,471,.299,369,527,.700,327,987,331,207,107,371,459
189,Missouri-Kansas City,24,11,13,.458,-5.37,-3.12,,7,7,,8,3,,2,8,,1683,1502,,960,642,1292,.497,149,407,.366,250,379,.660,175,730,355,190,50,300,524
190,Missouri State,24,17,7,.708,5.25,0.07,,12,6,,9,4,,7,2,,1762,1594,,960,637,1332,.478,180,515,.350,308,415,.742,188,887,325,112,69,305,369
191,Missouri NCAA,25,16,9,.640,12.73,11.01,,8,8,,8,4,,6,4,,1841,1798,,1010,646,1439,.449,173,540,.320,376,539,.698,248,892,330,168,88,336,494
192,Monmouth,20,12,8,.600,-5.19,-6.94,,12,6,,7,2,,5,5,,1521,1486,,815,518,1226,.423,154,424,.363,331,468,.707,198,749,280,166,70,268,415
193,Montana State,23,13,10,.565,-6.97,-5.97,,8,6,,5,3,,6,6,,1703,1655,,935,586,1298,.451,142,431,.329,389,515,.755,198,777,254,129,52,288,431
194,Montana,28,15,13,.536,-5.12,-3.03,,7,9,,8,4,,5,8,,1981,1876,,1135,697,1514,.460,154,425,.362,433,554,.782,214,927,356,137,72,371,552
195,Morehead State NCAA,30,23,7,.767,-0.45,-4.55,,17,3,,12,1,,8,5,,2065,1902,,1210,738,1601,.461,197,562,.351,392,575,.682,309,1125,382,132,150,459,432
196,Morgan State,22,14,8,.636,-5.45,-10.13,,7,5,,5,5,,7,2,,1755,1606,,880,602,1389,.433,182,530,.343,369,499,.739,296,873,326,173,82,344,455
197,Mount St. Mary's NCAA,22,12,10,.545,-3.36,-4.77,,9,7,,6,3,,6,6,,1402,1371,,890,508,1192,.426,146,433,.337,240,354,.678,237,821,257,97,91,288,328
198,Murray State,26,13,13,.500,-2.47,-7.80,,10,10,,9,4,,4,8,,1986,1739,,1045,757,1522,.497,212,576,.368,260,387,.672,239,939,435,175,91,347,432
199,Navy,18,15,3,.833,4.53,0.03,,12,1,,8,2,,6,1,,1287,1206,,730,466,1042,.447,111,340,.326,244,344,.709,204,631,222,147,43,223,301
200,Omaha,25,5,20,.200,-13.17,-2.53,,3,11,,1,5,,3,12,,1683,1949,,1000,625,1494,.418,133,397,.335,300,436,.688,212,853,236,141,75,327,471
201,Nebraska,27,7,20,.259,7.10,13.29,,3,16,,6,9,,1,10,,1889,2004,,1085,671,1604,.418,228,684,.333,319,499,.639,240,979,369,193,88,380,473
202,Nevada-Las Vegas,27,12,15,.444,-1.34,1.14,,8,10,,8,4,,3,7,,1875,1822,,1080,706,1587,.445,225,639,.352,238,336,.708,277,973,356,172,76,338,488
203,Nevada,26,16,10,.615,5.29,2.01,,8,7,,10,2,,2,7,,1916,1812,,1040,646,1445,.447,201,567,.354,423,560,.755,213,928,374,145,77,330,519
204,New Hampshire,19,10,9,.526,-7.33,-5.83,,9,6,,5,6,,5,3,,1278,1266,,765,452,1124,.402,129,405,.319,245,358,.684,205,706,213,104,55,209,344
205,New Mexico State,20,12,8,.600,-2.28,-6.16,,7,6,,4,2,,5,5,,1422,1283,,800,492,1156,.426,175,553,.316,263,361,.729,235,722,249,100,48,243,359
206,New Mexico,22,6,16,.273,-12.42,-1.77,,1,8,,0,0,,3,8,,1436,1578,,890,538,1303,.413,105,382,.275,255,426,.599,291,839,277,126,87,328,397
207,New Orleans,25,10,15,.400,-11.07,-9.91,,8,7,,6,3,,2,10,,1899,1910,,1010,703,1476,.476,137,417,.329,356,483,.737,245,880,391,190,70,421,522
208,Niagara,20,9,11,.450,-6.84,-6.29,,7,9,,5,3,,3,7,,1293,1304,,800,448,1099,.408,128,409,.313,269,380,.708,163,631,236,117,39,199,340
209,Nicholls State,25,18,7,.720,-5.65,-9.15,,14,2,,8,1,,7,5,,1960,1831,,1010,734,1611,.456,194,605,.321,298,446,.668,273,952,336,228,83,326,462
210,NJIT,19,7,12,.368,-8.99,-4.94,,6,10,,3,5,,4,6,,1256,1333,,770,440,1088,.404,119,390,.305,257,372,.691,168,596,181,127,42,212,336
211,Norfolk State NCAA,23,16,7,.696,-4.84,-9.41,,8,4,,7,4,,6,3,,1730,1591,,925,591,1357,.436,180,489,.368,368,521,.706,239,850,282,146,76,301,453
212,North Alabama,24,13,11,.542,-9.86,-6.11,,7,8,,8,4,,3,6,,1756,1666,,970,624,1457,.428,192,569,.337,316,424,.745,263,936,272,141,77,332,423
213,North Carolina-Asheville,20,10,10,.500,-6.45,-7.05,,9,5,,6,4,,4,6,,1468,1456,,815,548,1151,.476,161,450,.358,211,348,.606,186,669,254,140,87,302,368
214,North Carolina A&T,21,11,10,.524,-13.84,-7.63,,7,1,,5,4,,5,6,,1517,1523,,845,536,1273,.421,137,429,.319,308,468,.658,228,736,285,183,56,294,367
215,North Carolina Central,14,5,9,.357,-15.34,-8.11,,3,5,,4,2,,0,6,,942,1003,,565,333,791,.421,95,280,.339,181,261,.693,130,458,169,102,39,205,293
216,North Carolina-Greensboro NCAA,29,21,8,.724,3.88,-2.29,,13,5,,7,3,,10,3,,2135,1956,,1165,803,1894,.424,221,736,.300,308,451,.683,370,1142,356,217,114,319,524
217,North Carolina State,23,13,10,.565,10.17,7.21,,9,8,,7,4,,5,5,,1684,1616,,925,616,1315,.468,155,424,.366,297,422,.704,230,746,299,193,104,296,370
218,North Carolina-Wilmington,17,7,10,.412,-6.07,-5.69,,1,6,,3,4,,3,4,,1297,1253,,685,442,1011,.437,128,371,.345,285,372,.766,162,548,206,103,60,190,306
219,North Carolina NCAA,28,18,10,.643,16.30,10.01,,10,6,,10,1,,3,7,,2119,1943,,1120,776,1761,.441,157,496,.317,410,614,.668,444,1208,433,202,132,413,472
220,North Dakota State,27,15,12,.556,-1.17,-3.25,,11,5,,6,2,,5,7,,1883,1827,,1085,659,1491,.442,184,540,.341,381,501,.760,256,998,285,105,69,338,430
221,North Dakota,26,9,17,.346,-10.95,-3.95,,8,8,,5,3,,3,11,,1787,1969,,1055,623,1454,.428,190,564,.337,351,503,.698,214,844,306,134,55,340,448
222,North Florida,23,8,15,.348,-11.20,-4.35,,6,6,,5,3,,3,10,,1601,1725,,920,570,1282,.445,229,625,.366,232,325,.714,204,751,296,102,76,344,386
223,North Texas NCAA,26,17,9,.654,7.40,-0.24,,9,5,,8,3,,5,6,,1815,1592,,1045,668,1405,.475,197,524,.376,282,384,.734,224,867,347,176,77,343,409
224,Northeastern,19,10,9,.526,-0.24,0.86,,8,2,,5,1,,4,7,,1277,1298,,765,457,1044,.438,162,458,.354,201,271,.742,126,623,234,119,44,257,299
225,Northern Arizona,22,6,16,.273,-14.22,-2.86,,4,10,,1,7,,4,7,,1390,1640,,885,505,1197,.422,139,397,.350,241,364,.662,178,628,238,120,34,259,395
226,Northern Colorado,22,11,11,.500,-8.03,-5.56,,6,8,,6,5,,4,5,,1551,1519,,885,549,1221,.450,199,528,.377,254,381,.667,175,758,242,95,59,309,397
227,Northern Illinois,19,3,16,.158,-17.02,-1.92,,2,12,,2,7,,1,9,,1184,1471,,765,456,1143,.399,104,321,.324,168,273,.615,243,684,204,110,65,261,342
228,Northern Iowa,25,10,15,.400,-1.65,2.53,,7,11,,6,5,,3,7,,1738,1779,,1010,647,1461,.443,186,572,.325,258,378,.683,229,894,329,161,64,326,380
229,Northern Kentucky,25,14,11,.560,-5.95,-6.07,,11,7,,9,4,,5,6,,1784,1781,,1015,658,1476,.446,179,584,.307,289,410,.705,305,871,295,161,41,312,417
230,Northwestern State,29,11,18,.379,-13.76,-5.22,,9,7,,6,4,,4,12,,2106,2312,,1170,770,1788,.431,210,603,.348,356,530,.672,297,1029,376,202,85,419,544
231,Northwestern,24,9,15,.375,10.88,12.92,,6,13,,7,6,,2,8,,1686,1681,,970,607,1401,.433,200,566,.353,272,379,.718,180,808,352,148,63,284,424
232,Notre Dame,26,11,15,.423,8.74,10.40,,7,11,,6,5,,4,8,,1890,1933,,1040,679,1479,.459,236,642,.368,296,383,.773,187,868,387,110,102,275,334
233,Oakland,30,12,18,.400,-8.44,-1.91,,10,10,,5,4,,6,11,,2240,2436,,1240,773,1855,.417,259,778,.333,435,616,.706,346,1054,444,248,56,390,441
234,Ohio State NCAA,30,21,9,.700,19.95,13.58,,12,8,,10,4,,7,4,,2320,2129,,1210,790,1719,.460,247,677,.365,493,646,.763,292,1086,391,138,103,313,554
235,Ohio NCAA,23,16,7,.696,5.89,-1.16,,9,5,,8,3,,4,4,,1860,1685,,920,686,1403,.489,195,540,.361,293,418,.701,225,801,412,156,49,277,369
236,Oklahoma State NCAA,28,20,8,.714,14.14,9.97,,11,7,,10,3,,8,4,,2158,2041,,1145,775,1658,.467,179,529,.338,429,602,.713,309,1081,370,204,123,446,470
237,Oklahoma NCAA,25,15,10,.600,13.73,8.21,,9,8,,10,3,,4,7,,1869,1731,,1015,670,1517,.442,200,591,.338,329,442,.744,247,907,335,184,86,277,361
238,Old Dominion,23,15,8,.652,-0.73,-0.50,,11,5,,9,1,,6,6,,1571,1556,,925,586,1307,.448,113,392,.288,286,413,.692,224,826,278,172,86,291,365
239,Oral Roberts NCAA,26,16,10,.615,-0.76,-2.58,,10,5,,8,3,,5,7,,2126,1970,,1040,734,1617,.454,294,753,.390,364,442,.824,219,915,329,166,106,299,461
240,Oregon State NCAA,29,17,12,.586,7.55,7.69,,10,10,,10,6,,4,6,,2049,1981,,1170,712,1637,.435,203,575,.353,422,557,.758,299,977,426,176,96,328,547
241,Oregon NCAA,26,20,6,.769,13.62,6.66,,14,4,,11,2,,7,2,,1934,1753,,1040,715,1515,.472,218,575,.379,286,406,.704,238,859,349,194,94,297,407
242,Pacific,18,9,9,.500,1.60,4.19,,6,7,,6,2,,3,6,,1256,1272,,735,479,1093,.438,93,311,.299,205,302,.679,182,622,233,116,61,215,335
243,Penn State,25,11,14,.440,14.73,15.09,,7,12,,7,5,,3,8,,1816,1825,,1010,637,1562,.408,221,654,.338,321,435,.738,305,913,335,198,59,286,446
244,Pennsylvania,0,0,0,,,,,0,0,,0,0,,0,0,,,,,,,,,,,,,,,,,,,,,
245,Pepperdine,24,12,12,.500,3.61,5.07,,7,6,,7,5,,3,5,,1830,1790,,980,650,1425,.456,168,521,.322,362,464,.780,193,834,381,151,70,319,462
246,Pittsburgh,22,10,12,.455,8.77,7.73,,6,10,,7,6,,3,5,,1566,1543,,880,554,1283,.432,144,426,.338,314,473,.664,279,843,321,133,83,277,381
247,Portland State,22,9,13,.409,-7.88,-6.22,,6,8,,7,6,,2,6,,1512,1463,,885,532,1335,.399,152,517,.294,296,437,.677,287,832,247,182,66,305,443
248,Portland,21,6,15,.286,-13.99,3.67,,0,11,,5,8,,1,6,,1459,1748,,845,488,1187,.411,153,451,.339,330,426,.775,138,600,250,132,61,292,340
249,Prairie View,21,16,5,.762,-8.49,-15.54,,13,0,,8,0,,5,3,,1497,1349,,840,567,1265,.448,139,457,.304,224,342,.655,235,739,333,202,89,288,433
250,Presbyterian,22,7,15,.318,-13.41,-8.46,,5,12,,5,6,,2,9,,1411,1476,,885,499,1199,.416,128,418,.306,285,416,.685,248,739,235,154,49,334,440
251,Princeton,0,0,0,,,,,0,0,,0,0,,0,0,,,,,,,,,,,,,,,,,,,,,
252,Providence,26,13,13,.500,9.93,9.81,,9,10,,8,3,,4,7,,1816,1813,,1060,657,1529,.430,164,513,.320,338,483,.700,275,928,350,147,78,306,441
253,Purdue NCAA,27,18,9,.667,17.29,12.47,,13,6,,11,1,,5,6,,1920,1790,,1085,689,1527,.451,192,573,.335,350,492,.711,294,1015,386,140,92,339,473
254,Quinnipiac,22,9,13,.409,-8.32,-6.82,,7,10,,8,5,,1,5,,1485,1518,,895,505,1258,.401,169,522,.324,306,445,.688,170,793,279,123,100,313,420
255,Radford,27,15,12,.556,-5.60,-6.00,,12,6,,9,5,,6,6,,1826,1745,,1100,644,1408,.457,158,504,.313,380,558,.681,297,999,301,164,48,403,424
256,Rhode Island,25,10,15,.400,6.08,5.72,,7,10,,6,3,,2,9,,1786,1777,,1020,635,1436,.442,143,458,.312,373,558,.668,266,962,303,164,114,353,444
257,Rice,28,15,13,.536,-3.76,-1.52,,6,10,,9,3,,3,9,,2068,2062,,1120,731,1660,.440,286,800,.358,320,438,.731,264,1036,424,153,60,423,388
258,Richmond,21,13,8,.619,9.55,5.55,,6,5,,6,4,,5,3,,1574,1453,,840,575,1213,.474,156,441,.354,268,367,.730,135,635,305,186,44,222,320
259,Rider,23,6,17,.261,-11.55,-5.07,,5,13,,1,8,,4,8,,1553,1702,,925,564,1318,.428,145,411,.353,280,382,.733,206,765,284,117,47,291,431
260,Robert Morris,19,4,15,.211,-12.37,-4.70,,3,12,,3,6,,1,9,,1374,1494,,790,518,1169,.443,142,394,.360,196,299,.656,207,646,299,124,57,254,348
261,Rutgers NCAA,26,15,11,.577,15.18,13.45,,10,10,,10,4,,4,6,,1819,1774,,1045,696,1544,.451,157,505,.311,270,427,.632,254,918,359,203,136,294,459
262,Sacramento State,20,8,12,.400,-9.08,-4.97,,5,9,,5,3,,3,8,,1443,1442,,815,531,1157,.459,133,362,.367,248,365,.679,187,627,255,138,45,202,356
263,Sacred Heart,18,9,9,.500,-10.23,-5.51,,9,7,,4,3,,5,6,,1265,1350,,735,431,1046,.412,143,434,.329,260,351,.741,195,647,241,88,38,233,299
264,Saint Francis (PA),22,6,16,.273,-8.47,-3.97,,5,13,,4,6,,2,10,,1515,1614,,890,541,1266,.427,129,417,.309,304,426,.714,228,779,282,127,47,312,378
265,Saint Joseph's,20,5,15,.250,-3.54,6.91,,3,9,,3,3,,1,9,,1443,1652,,825,506,1238,.409,191,609,.314,240,331,.725,165,675,287,120,36,281,358
266,Saint Louis,20,14,6,.700,12.95,2.60,,6,4,,12,1,,1,4,,1507,1300,,800,559,1205,.464,131,372,.352,258,367,.703,249,774,353,141,63,241,341
267,Saint Mary's (CA),23,14,9,.609,7.47,5.69,,4,6,,9,3,,2,3,,1475,1434,,920,538,1279,.421,141,482,.293,258,354,.729,198,792,241,142,72,260,387
268,Saint Peter's,25,14,11,.560,-4.66,-6.38,,10,8,,8,3,,4,7,,1580,1537,,1000,555,1386,.400,154,477,.323,316,453,.698,275,926,293,201,133,371,500
269,Sam Houston State,28,19,9,.679,-3.44,-5.02,,13,3,,12,1,,7,6,,2229,1969,,1120,797,1758,.453,255,715,.357,380,549,.692,320,1033,435,237,88,402,565
270,Samford,19,6,13,.316,-8.54,-1.24,,2,9,,4,5,,2,7,,1460,1510,,775,541,1218,.444,151,484,.312,227,331,.686,222,755,283,129,47,308,397
271,San Diego State NCAA,27,23,4,.852,14.63,2.20,,14,3,,13,2,,6,2,,2000,1635,,1085,695,1529,.455,229,611,.375,381,527,.723,262,970,374,223,77,305,501
272,San Diego,14,3,11,.214,-6.49,4.36,,2,7,,0,5,,3,5,,927,1079,,565,352,847,.416,82,270,.304,141,217,.650,112,469,185,94,48,185,252
273,San Francisco,25,11,14,.440,5.16,3.00,,4,9,,3,5,,4,6,,1786,1732,,1000,647,1514,.427,259,760,.341,233,325,.717,226,833,295,179,81,292,483
274,San Jose State,21,5,16,.238,-17.60,0.98,,2,12,,4,6,,0,8,,1381,1710,,840,493,1257,.392,157,494,.318,238,364,.654,173,722,213,99,57,265,349
275,Santa Clara,20,12,8,.600,-1.26,0.95,,4,5,,6,3,,4,3,,1393,1412,,800,486,1121,.434,110,359,.306,311,455,.684,164,729,240,88,78,260,357
276,Seattle,23,12,11,.522,-6.66,-4.92,,4,5,,6,3,,3,6,,1677,1578,,925,593,1426,.416,186,593,.314,305,416,.733,238,776,264,151,80,246,435
277,Seton Hall,27,14,13,.519,12.04,10.45,,10,9,,7,4,,6,7,,1924,1881,,1095,673,1525,.441,180,561,.321,398,544,.732,276,941,347,170,118,350,442
278,Siena,17,12,5,.706,-3.29,-7.88,,12,4,,6,2,,6,2,,1149,1071,,680,411,894,.460,108,314,.344,219,333,.658,152,594,215,94,56,219,264
279,South Alabama,28,17,11,.607,-5.66,-5.49,,10,7,,10,5,,6,5,,2075,1985,,1135,715,1621,.441,256,707,.362,389,542,.718,269,996,314,200,91,333,434
280,South Carolina State,18,1,17,.056,-24.36,-7.03,,1,7,,1,6,,0,11,,1102,1414,,720,401,1033,.388,123,388,.317,177,285,.621,175,563,178,106,50,312,334
281,South Carolina Upstate,23,5,18,.217,-13.13,-4.63,,5,11,,3,8,,2,10,,1515,1712,,920,538,1269,.424,171,508,.337,268,372,.720,186,717,276,143,57,325,426
282,South Carolina,21,6,15,.286,3.79,10.41,,4,12,,3,6,,2,7,,1523,1662,,840,566,1364,.415,142,466,.305,249,381,.654,268,755,280,176,77,313,401
283,South Dakota State,23,16,7,.696,2.63,-2.69,,9,3,,8,1,,4,2,,1850,1690,,920,655,1315,.498,185,458,.404,355,496,.716,178,822,327,127,71,283,370
284,South Dakota,25,14,11,.560,-1.81,-4.06,,11,4,,7,2,,5,4,,1899,1805,,1000,674,1438,.469,186,478,.389,365,468,.780,180,870,349,114,61,268,467
285,South Florida,22,9,13,.409,0.10,6.39,,4,10,,4,6,,3,4,,1449,1571,,885,516,1277,.404,138,422,.327,279,438,.637,275,831,251,116,62,308,378
286,Southeast Missouri State,27,11,16,.407,-9.83,-7.16,,9,11,,7,6,,3,9,,1864,1936,,1110,630,1468,.429,205,582,.352,399,595,.671,258,949,374,185,64,415,513
287,Southeastern Louisiana,26,8,18,.308,-17.62,-8.24,,5,11,,3,4,,4,13,,1775,2019,,1055,591,1498,.395,177,607,.292,416,614,.678,314,887,261,180,64,414,509
288,Southern California NCAA,29,22,7,.759,17.27,7.61,,15,5,,13,2,,7,3,,2168,1888,,1180,788,1687,.467,183,526,.348,409,632,.647,354,1145,396,139,153,361,450
289,SIU Edwardsville,26,9,17,.346,-14.53,-5.61,,7,12,,2,8,,6,7,,1709,1897,,1040,619,1403,.441,156,490,.318,315,463,.680,226,852,337,153,121,413,438
290,Southern Illinois,26,12,14,.462,-3.48,0.80,,5,13,,8,5,,3,8,,1704,1770,,1050,614,1362,.451,210,560,.375,266,400,.665,139,772,352,160,48,311,370
291,Southern Methodist,16,11,5,.688,11.14,4.14,,7,4,,6,2,,5,2,,1185,1073,,640,425,943,.451,120,354,.339,215,295,.729,170,596,241,99,72,228,278
292,Southern Mississippi,25,8,17,.320,-6.88,-2.10,,4,13,,6,7,,2,9,,1605,1668,,1005,603,1396,.432,134,421,.318,265,392,.676,208,878,302,148,52,352,398
293,Southern Utah,24,20,4,.833,-0.70,-7.02,,12,2,,14,0,,5,3,,2021,1669,,965,699,1475,.474,211,618,.341,412,551,.748,263,946,338,168,63,290,405
294,Southern,19,8,11,.421,-13.71,-13.28,,8,6,,5,2,,3,7,,1327,1335,,775,465,1077,.432,104,322,.323,293,436,.672,184,690,267,155,49,309,391
295,St. Bonaventure NCAA,20,16,4,.800,15.15,5.00,,11,4,,8,1,,4,3,,1410,1207,,800,521,1161,.449,131,370,.354,237,323,.734,229,745,296,120,78,221,305
296,St. Francis (NY),19,9,10,.474,-8.26,-6.42,,9,9,,4,6,,5,4,,1476,1511,,765,542,1215,.446,118,356,.331,274,373,.735,216,688,271,153,66,229,383
297,St. John's (NY),27,16,11,.593,10.27,8.05,,10,9,,11,3,,4,6,,2132,2072,,1095,779,1744,.447,200,581,.344,374,499,.749,302,971,440,246,105,340,492
298,Stanford,27,14,13,.519,8.11,7.96,,10,10,,5,4,,6,6,,1883,1879,,1100,678,1461,.464,145,451,.322,382,533,.717,209,905,332,191,92,403,448
299,Stephen F. Austin,21,16,5,.762,-1.87,-8.71,,13,3,,10,1,,6,4,,1686,1484,,850,622,1195,.521,100,297,.337,342,503,.680,243,749,331,199,73,348,419
300,Stetson,25,11,14,.440,-7.38,-4.57,,7,9,,7,5,,3,8,,1800,1767,,1005,642,1470,.437,236,622,.379,280,401,.698,259,870,351,178,68,331,404
301,Stony Brook,23,9,14,.391,-5.27,-3.86,,7,9,,5,5,,4,8,,1522,1509,,930,543,1318,.412,140,473,.296,296,434,.682,262,875,278,129,114,318,387
302,Syracuse NCAA,25,16,9,.640,13.75,8.63,,9,7,,13,1,,2,7,,1896,1768,,1005,676,1534,.441,203,601,.338,341,435,.784,273,897,382,218,123,279,363
303,Tarleton State,20,10,10,.500,-8.17,-3.91,,5,7,,6,3,,4,7,,1467,1246,,800,530,1129,.469,110,291,.378,297,412,.721,170,639,294,209,53,231,391
304,Temple,16,5,11,.313,2.77,5.77,,4,10,,3,5,,2,5,,1053,1101,,640,348,868,.401,115,336,.342,242,338,.716,148,580,214,67,39,213,281
305,Tennessee-Martin,24,8,16,.333,-19.02,-5.49,,6,14,,6,7,,2,9,,1571,1847,,970,556,1393,.399,165,495,.333,294,409,.719,260,775,289,172,62,343,429
306,Tennessee State,23,4,19,.174,-13.65,-6.79,,3,17,,4,8,,0,11,,1573,1702,,930,568,1342,.423,138,480,.288,299,438,.683,215,775,268,170,73,353,478
307,Tennessee Tech,27,5,22,.185,-13.63,-3.34,,5,15,,5,6,,0,16,,1797,2075,,1085,656,1517,.432,208,648,.321,277,410,.676,245,908,380,176,62,430,430
308,Tennessee NCAA,26,18,8,.692,18.06,8.79,,10,7,,13,3,,4,4,,1885,1644,,1040,661,1491,.443,173,512,.338,390,523,.746,281,934,391,188,128,325,428
309,Texas A&M-Corpus Christi,24,5,19,.208,-16.95,-6.29,,2,13,,4,8,,1,10,,1554,1716,,960,542,1296,.418,153,464,.330,317,463,.685,206,816,308,165,74,401,425
310,Texas A&M,18,8,10,.444,2.31,4.97,,2,8,,6,4,,2,4,,1157,1205,,720,401,966,.415,117,391,.299,238,328,.726,198,602,218,124,34,265,304
311,Texas-Arlington,26,13,13,.500,-7.20,-4.55,,9,8,,9,4,,3,8,,1916,1827,,1045,677,1658,.408,235,659,.357,327,444,.736,303,974,353,214,122,311,434
312,Texas Christian,26,12,14,.462,2.83,7.21,,5,11,,6,7,,3,6,,1738,1852,,1045,625,1428,.438,175,518,.338,311,463,.672,255,900,338,157,91,369,407
313,Texas-El Paso,24,12,12,.500,0.90,1.09,,8,8,,10,2,,2,9,,1698,1644,,965,608,1432,.425,171,524,.326,311,416,.748,210,828,285,150,67,262,421
314,Texas-Rio Grande Valley,19,9,10,.474,-10.22,-5.82,,2,5,,8,3,,1,6,,1376,1287,,760,476,1164,.409,126,429,.294,298,468,.637,256,743,289,169,81,281,409
315,Texas-San Antonio,26,15,11,.577,-1.41,-0.36,,9,7,,12,2,,2,8,,2050,1906,,1040,768,1717,.447,209,625,.334,305,401,.761,300,1001,383,161,83,302,475
316,Texas Southern NCAA,24,16,8,.667,-7.48,-10.96,,10,3,,8,2,,5,6,,1795,1672,,965,650,1443,.450,110,398,.276,385,551,.699,294,998,298,172,111,384,431
317,Texas State,25,18,7,.720,-3.93,-7.45,,12,3,,8,3,,9,3,,1660,1543,,1015,629,1359,.463,139,366,.380,263,372,.707,231,821,331,171,73,332,421
318,Texas Tech NCAA,27,17,10,.630,16.54,6.91,,9,8,,11,4,,5,4,,1972,1712,,1090,686,1549,.443,168,485,.346,432,608,.711,316,948,350,196,110,296,469
319,Texas NCAA,26,19,7,.731,16.24,9.81,,11,6,,8,5,,6,2,,1956,1789,,1055,684,1506,.454,225,631,.357,363,513,.708,286,1005,341,170,101,370,515
320,Toledo,29,21,8,.724,7.62,-1.48,,15,4,,12,1,,7,5,,2367,2103,,1175,829,1811,.458,308,817,.377,401,515,.779,310,1097,465,177,71,319,444
321,Towson,18,4,14,.222,-9.02,-1.52,,3,9,,4,4,,0,6,,1214,1349,,730,434,1055,.411,90,311,.289,256,352,.727,225,666,170,90,50,224,318
322,Troy,28,11,17,.393,-11.63,-3.63,,4,12,,7,4,,2,11,,1829,1942,,1125,636,1596,.398,171,619,.276,386,555,.695,302,1056,320,175,87,417,480
323,Tulane,23,10,13,.435,1.04,3.60,,4,12,,6,6,,3,6,,1470,1529,,920,486,1269,.383,151,507,.298,347,465,.746,191,752,269,172,71,258,361
324,Tulsa,23,11,12,.478,4.22,5.46,,7,9,,7,5,,4,4,,1573,1509,,920,566,1262,.448,159,504,.315,282,416,.678,204,781,327,146,46,307,379
325,UCLA NCAA,26,17,9,.654,12.41,8.06,,13,6,,11,1,,5,6,,1894,1781,,1070,686,1485,.462,173,471,.367,349,484,.721,257,910,354,132,69,290,415
326,Utah State NCAA,28,20,8,.714,11.25,0.76,,13,4,,10,2,,5,3,,2052,1743,,1120,751,1682,.446,181,538,.336,369,508,.726,353,1142,456,190,136,381,423
327,Utah Valley,22,11,11,.500,-4.38,-2.58,,9,4,,8,4,,3,6,,1632,1635,,885,592,1246,.475,116,335,.346,332,526,.631,239,854,370,115,101,329,431
328,Utah,25,12,13,.480,9.38,7.06,,8,11,,8,5,,3,7,,1803,1745,,1010,656,1398,.469,172,484,.355,319,403,.792,185,782,378,136,85,322,419
329,Valparaiso,28,10,18,.357,-3.91,1.43,,7,11,,6,6,,4,11,,1821,1902,,1130,660,1576,.419,189,635,.298,312,429,.727,196,920,356,183,97,346,445
330,Vanderbilt,25,9,16,.360,6.64,7.24,,3,13,,6,7,,2,8,,1794,1809,,1000,609,1416,.430,233,667,.349,343,466,.736,246,843,318,175,65,346,440
331,Vermont,15,10,5,.667,2.79,-6.81,,10,4,,6,3,,4,2,,1095,951,,610,383,828,.463,116,337,.344,213,273,.780,126,524,211,75,39,183,266
332,Villanova NCAA,22,16,6,.727,18.08,9.67,,11,4,,9,0,,4,4,,1662,1477,,885,581,1291,.450,203,576,.352,297,388,.765,211,755,336,117,32,199,341
333,Virginia Commonwealth NCAA,26,19,7,.731,12.28,5.74,,10,4,,12,2,,5,3,,1864,1694,,1045,659,1460,.451,168,510,.329,378,497,.761,238,890,347,240,140,380,485
334,VMI,25,13,12,.520,0.14,-0.23,,7,7,,11,1,,1,10,,2001,1897,,1010,706,1517,.465,270,711,.380,319,413,.772,203,963,393,134,75,314,364
335,Virginia Tech NCAA,21,15,6,.714,13.68,7.06,,9,4,,10,2,,3,3,,1515,1376,,850,534,1183,.451,173,485,.357,274,393,.697,198,738,302,100,83,245,338
336,Virginia NCAA,24,18,6,.750,16.66,8.49,,13,4,,10,1,,6,3,,1647,1451,,965,608,1266,.480,204,535,.381,227,278,.817,157,762,335,118,104,226,310
337,Wagner,20,13,7,.650,-3.37,-5.92,,13,5,,7,3,,6,4,,1425,1374,,815,533,1205,.442,117,368,.318,242,337,.718,247,713,258,147,51,246,406
338,Wake Forest,22,6,16,.273,2.72,9.05,,3,15,,5,6,,1,9,,1458,1583,,885,501,1222,.410,195,562,.347,261,359,.727,198,718,252,136,48,300,365
339,Washington State,27,14,13,.519,5.82,4.64,,7,12,,11,5,,3,6,,1853,1821,,1110,633,1539,.411,208,610,.341,379,534,.710,304,1027,328,167,95,412,496
340,Washington,26,5,21,.192,-0.55,9.18,,4,16,,4,7,,1,9,,1759,2012,,1040,641,1513,.424,197,593,.332,280,397,.705,213,811,280,158,94,355,472
341,Weber State,23,17,6,.739,1.90,-6.45,,12,3,,11,0,,6,5,,1881,1594,,920,656,1300,.505,193,496,.389,376,478,.787,148,754,345,154,69,288,376
342,West Virginia NCAA,27,18,9,.667,15.86,10.67,,11,6,,8,5,,7,2,,2087,1947,,1095,711,1660,.428,196,549,.357,469,654,.717,363,1030,373,202,77,328,442
343,Western Carolina,27,11,16,.407,-6.92,-1.52,,4,13,,6,5,,4,9,,2039,2129,,1105,716,1577,.454,226,662,.341,381,525,.726,211,928,359,133,75,382,455
344,Western Illinois,22,7,15,.318,-12.84,-4.98,,5,9,,2,5,,4,9,,1606,1746,,880,550,1362,.404,157,497,.316,349,488,.715,258,839,225,116,67,286,444
345,Western Kentucky,27,20,7,.741,5.41,0.18,,11,3,,11,2,,5,3,,1974,1833,,1090,685,1512,.453,171,496,.345,433,548,.790,283,1023,359,178,121,401,383
346,Western Michigan,21,5,16,.238,-10.61,-0.31,,4,12,,2,9,,3,7,,1325,1511,,840,499,1153,.433,141,427,.330,186,291,.639,167,710,245,93,42,305,346
347,Wichita State NCAA,21,16,5,.762,9.43,6.80,,11,2,,10,2,,5,2,,1520,1416,,850,514,1261,.408,175,512,.342,317,460,.689,251,799,279,128,75,238,329
348,William & Mary,17,7,10,.412,-10.32,-3.09,,4,6,,1,3,,5,6,,1101,1224,,685,388,948,.409,98,342,.287,227,303,.749,170,574,183,90,56,232,265
349,Winthrop NCAA,24,23,1,.958,5.10,-7.65,,17,1,,11,1,,10,0,,1909,1603,,960,674,1463,.461,203,575,.353,358,522,.686,312,966,361,186,57,340,436
350,Wisconsin NCAA,29,17,12,.586,17.82,12.51,,10,10,,11,5,,5,6,,2019,1865,,1170,711,1689,.421,248,689,.360,349,455,.767,241,972,386,170,110,259,471
351,Wofford,24,15,9,.625,2.19,0.19,,12,5,,9,3,,6,4,,1784,1627,,965,646,1374,.470,246,692,.355,246,349,.705,216,829,351,160,48,306,380
352,Wright State,24,18,6,.750,7.73,-6.82,,16,4,,9,4,,9,2,,1967,1618,,965,710,1471,.483,179,484,.370,368,508,.724,284,1015,369,141,87,314,328
353,Wyoming,25,14,11,.560,-1.48,-2.56,,5,9,,7,5,,4,5,,1915,1888,,1010,649,1442,.450,251,704,.357,366,509,.719,203,816,351,145,54,281,468
354,Xavier,21,13,8,.619,11.95,7.33,,6,7,,11,2,,2,5,,1571,1474,,850,589,1285,.458,162,498,.325,231,333,.694,200,792,369,145,85,235,325
355,Yale,0,0,0,,,,,0,0,,0,0,,0,0,,,,,,,,,,,,,,,,,,,,,
356,Youngstown State,27,15,12,.556,-8.94,-7.33,,9,11,,10,5,,5,7,,2010,1950,,1095,717,1672,.429,186,606,.307,390,537,.726,346,991,349,163,44,310,441